#Tube no.   Tube coarse gain   Tube fine gain   Tube spect. peak
    1            78               14049            144.75
    2            61               16220            145.47
    3           101               11870            144.21
    4           108               12487            142.66
    5            89               11885            143.79
    6            62               16447            145.63
    7            59               14553            144.77
    8            53               15271            143.37
    9            55               14642            144.72
   10            51               15288            144.56
   11            50               14395            144.15
   12            67               16150            145.05
   13            85               12153            143.45
   14            90               12003            142.73
   15            92               12136            143.60
   16            69               16164            144.65
   17            63               13981            144.53
   18            56               14789            144.94
   19            49               14162            144.14
   20            54               14821            143.83
   21            71               13235            140.01
   22            70               13045            140.03
   23            63               14275            143.78
   24            59               14227            144.26
   25            61               13051            140.00
   26            69               13114            139.96
   27            62               12939            140.07
   28            59               13167            140.01
   29            54               13287            139.98
   30            80               12913            140.27
   31            65               13584            144.11
   32            62               14161            144.45
   33            69               13001            140.27
   34            67               13236            139.95
   35            65               12793            139.96
   36            66               12691            140.02
   37            59               12834            140.10
   38            55               12650            139.96
   39            55               12913            139.91
   40            87               12828            140.30
   41            81               12911            140.30
   42            79               12589            139.90
   43            73               12773            139.85
   44            72               12965            140.28
   45            56               13161            140.29
   46            79               12779            139.96
   47            76               12628            140.23
   48            73               12908            140.09
   49            58               12815            139.94
   50            59               12753            140.00
   51           101               12826            140.09
   52            61               12730            140.02
   53            66               12560            140.11
   54            55               12935            139.99
   55            94               12695            140.02
#Date: SAT NOV 20 14:45:14 2004

