#Tube no.   Tube coarse gain   Tube fine gain   Tube spect. peak
    1            65               13007            143.44
    2            52               15208            144.20
    3           170               11654            142.49
    4           158               11636            141.43
    5           103               11801            141.47
    6            49               15226            142.67
    7            67               12657            142.45
    8            60               14902            142.46
    9            59               13483            142.45
   10            58               14400            142.77
   11            61               13315            143.19
   12            49               15049            144.35
   13           156               11902            142.23
   14           165               11533            142.33
   15           161               11870            141.34
   16            49               15410            144.33
   17            50               13601            143.60
   18            72               14835            143.74
   19            64               13707            143.22
   20            64               14548            143.12
   21            67               12776            140.11
   22            71               12905            140.03
   23            64               13458            142.56
   24            57               13692            141.86
   25            61               12852            139.91
   26            88               13084            139.82
   27            75               12144            139.91
   28            71               12869            139.95
   29            69               12713            140.05
   30            71               12677            140.30
   31            63               13442            143.13
   32            61               13318            143.62
   33            64               12764            140.06
   34            62               12814            140.00
   35            61               12859            140.09
   36            73               12158            140.01
   37            74               12409            140.33
   38            65               12375            140.10
   39            60               12870            139.87
   40            61               12442            139.97
   41            58               12266            139.95
   42            91               11915            139.98
   43            76               12030            140.24
   44            73               12446            140.05
   45            67               12577            140.28
   46            60               12616            139.98
   47            62               12413            140.30
   48            60               12200            140.27
   49            66               12260            140.08
   50            62               12326            140.27
   51            85               12096            139.85
   52            73               12291            140.26
   53            66               12264            140.33
   54            77               12426            140.04
   55            72               12198            140.02
#Date: MON APR 18 14:11:40 2005

