#Tube no.   Tube coarse gain   Tube fine gain   Tube spect. peak
    1            81               12020            142.60
    2            74               14229            143.42
    3            99               10703            141.09
    4           145               10311            142.11
    5            89               10438            142.41
    6            67               14102            144.40
    7            73               11669            142.12
    8            69               13496            142.55
    9            59               12477            142.35
   10            55               13534            142.90
   11            56               11843            141.72
   12            65               14310            144.63
   13           128               10792            142.70
   14           100               10316            143.12
   15           115               10780            141.81
   16            62               14171            144.20
   17            61               12404            141.56
   18            57               13280            143.86
   19            61               12534            143.06
   20            59               13438            143.51
   21            80               11801            139.96
   22            70               11764            140.11
   23            63               12262            143.54
   24            64               12306            142.90
   25            76               11459            140.03
   26            70               11831            140.05
   27            70               11293            139.99
   28            68               11444            140.24
   29            83               11775            140.23
   30            72               11526            140.03
   31            70               12429            143.21
   32            66               12108            143.60
   33            67               11531            139.96
   34            86               11704            140.14
   35            88               11354            140.03
   36            83               11169            139.98
   37            84               10877            140.12
   38            80               11079            140.24
   39            80               11335            139.94
   40            75               10914            140.33
   41            76               11071            140.15
   42            73               10905            140.05
   43            88               10807            140.37
   44            86               10699            140.28
   45            81               11456            139.97
   46            82               10868            140.08
   47            78               10898            139.99
   48            79               10828            140.07
   49            73               10696            140.21
   50            76               10909            140.37
   51            67               10656            140.05
   52            77               10573            139.90
   53            82               10663            140.06
   54            73               10825            140.09
   55            81               10727            140.01
#Date: WED APR 20 17:06:56 2005

