#Tube no.   Tube coarse gain   Tube fine gain   Tube spect. peak
    1            75               13838            144.82
    2            70               15194            145.16
    3           101               12260            143.04
    4           114               12021            144.23
    5           104               12358            143.40
    6            55               15765            145.33
    7            59               13636            144.75
    8            57               14574            143.21
    9            55               13843            142.67
   10            68               13988            143.78
   11            62               13812            144.39
   12            63               15434            146.70
   13           106               11641            145.25
   14           101               11881            143.49
   15           100               11892            142.41
   16            91               15151            146.12
   17            77               13673            145.22
   18            82               14446            144.16
   19            64               14107            144.27
   20            73               14245            145.17
   21            71               12561            140.24
   22            79               12381            139.91
   23            63               13363            144.51
   24            76               13856            143.76
   25            66               12860            140.27
   26            71               13033            139.80
   27            68               12864            139.94
   28            83               12761            139.75
   29            68               12815            140.19
   30            69               12512            140.31
   31            58               13807            144.56
   32            61               13648            144.45
   33            67               12314            139.92
   34            64               13088            139.96
   35            66               12661            140.21
   36            85               12730            139.96
   37            83               12391            140.26
   38            70               12734            140.27
   39            66               12765            140.30
   40            74               12559            139.73
   41            72               12406            139.85
   42            70               12493            140.30
   43            73               12742            140.18
   44            66               12948            140.30
   45            68               13016            140.21
   46            67               12547            140.26
   47            65               12910            139.78
   48            76               12240            140.38
   49            76               12353            140.23
   50            75               12356            139.87
   51            70               12584            139.98
   52            63               12528            139.90
   53            68               12680            139.84
   54            74               12812            139.77
   55            72               12446            139.81
#Date: MON SEP 12 14:56:23 2005

