#Tube no.   Tube coarse gain   Tube fine gain   Tube spect. peak
    1            59               13454            144.53
    2            59               15075            146.49
    3           116               11747            144.32
    4            99               10532            143.20
    5           110               10401            144.27
    6            58               15114            145.41
    7            59               12921            144.42
    8            61               13845            144.11
    9            52               14015            143.35
   10            57               14237            143.34
   11            54               12885            143.11
   12            71               15588            145.56
   13           112               11592            145.06
   14           129               11890            144.33
   15            91               11346            144.20
   16            65               14457            146.30
   17            67               13091            145.26
   18            59               14549            144.55
   19            55               14224            144.53
   20            57               13432            144.59
   21            84               12945            139.63
   22            70               12500            139.58
   23            70               11998            143.56
   24            62               13631            144.12
   25            65               12197            139.60
   26            66               12131            139.72
   27            65               12877            139.70
   28            68               12996            140.18
   29            65               12774            139.72
   30            62               13032            140.22
   31            57               13638            144.61
   32            89               13067            144.65
   33            83               12627            140.24
   34            61               13179            140.24
   35            67               12563            140.19
   36            64               12844            139.78
   37            63               13117            139.74
   38            66               12675            139.78
   39            85               12525            139.69
   40            80               12795            139.68
   41            81               12332            140.19
   42            83               12677            139.76
   43            71               11323            140.22
   44            69               11850            139.75
   45            68               12730            140.17
   46            63               12784            140.21
   47            68               12269            139.78
   48            86               12080            139.73
   49            75               12279            139.67
   50            71               12262            139.71
   51            74               12322            139.72
   52            73               11943            139.81
   53            75               12667            140.33
   54            70               12258            139.69
   55            66               12080            139.82
#Date: FRI SEP 01 17:06:33 2006

