#Tube no.   Tube coarse gain   Tube fine gain   Tube spect. peak
    1            75               13660            144.82
    2            70               15409            145.16
    3           101               12365            143.04
    4           114               12260            144.23
    5           104               12068            143.40
    6            55               16089            145.33
    7            59               13576            144.75
    8            57               14264            143.21
    9            55               13254            142.67
   10            68               13936            143.78
   11            62               13438            144.39
   12            63               15086            146.70
   13           106               11387            145.25
   14           101               11609            143.49
   15           100               10552            142.41
   16            91               14670            146.12
   17            77               13348            145.22
   18            82               14313            144.16
   19            64               14128            144.27
   20            73               14260            145.17
   21            71               12935            140.24
   22            79               12924            139.91
   23            63               14083            144.51
   24            76               14447            143.76
   25            66               13358            140.27
   26            71               13023            139.80
   27            68               13058            139.94
   28            83               12626            139.75
   29            68               12857            140.19
   30            69               12739            140.31
   31            58               13746            144.56
   32            61               13797            144.45
   33            67               12897            139.92
   34            64               13707            139.96
   35            66               13059            140.21
   36            85               13024            139.96
   37            83               12555            140.26
   38            70               13241            140.27
   39            66               13691            140.30
   40            74               13182            139.73
   41            72               12674            139.85
   42            70               12968            140.30
   43            73               13296            140.18
   44            66               13547            140.30
   45            68               13451            140.21
   46            67               13215            140.26
   47            65               13350            139.78
   48            76               12860            140.38
   49            76               12847            140.23
   50            75               12916            139.87
   51            70               13292            139.98
   52            63               12853            139.90
   53            68               13003            139.84
   54            74               13375            139.77
   55            72               12844            139.81
#Date: THU APR 20 21:35:07 2006

