#Tube no.   Tube coarse gain   Tube fine gain   Tube spect. peak
    1            59               13451            144.53
    2            59               15020            146.49
    3           116               11643            144.32
    4            99               10859            143.20
    5           110               10677            144.27
    6            58               15048            145.41
    7            59               13078            144.42
    8            61               13845            144.11
    9            52               13869            143.35
   10            57               14198            143.34
   11            54               12917            143.11
   12            71               15435            145.56
   13           112               11609            145.06
   14           129               11898            144.33
   15            91               11397            144.20
   16            65               14510            146.30
   17            67               13169            145.26
   18            59               14403            144.55
   19            55               14122            144.53
   20            57               13462            144.59
   21            84               12694            139.63
   22            70               12370            139.58
   23            70               12164            143.56
   24            62               13461            144.12
   25            65               12064            139.60
   26            66               12032            139.72
   27            65               12649            139.70
   28            68               12709            140.18
   29            65               12511            139.72
   30            62               12737            140.22
   31            57               13435            144.61
   32            89               12893            144.65
   33            83               12418            140.24
   34            61               12929            140.24
   35            67               12389            140.19
   36            64               12591            139.78
   37            63               12827            139.74
   38            66               12461            139.78
   39            85               12343            139.69
   40            80               12557            139.68
   41            81               12192            140.19
   42            83               12448            139.76
   43            71               11374            140.22
   44            69               11797            139.75
   45            68               12498            140.17
   46            63               12559            140.21
   47            68               12122            139.78
   48            86               12102            139.73
   49            75               12096            139.67
   50            71               12158            139.71
   51            74               12162            139.72
   52            73               11846            139.81
   53            75               12417            140.33
   54            70               12114            139.69
   55            66               12029            139.82
#Date: FRI APR 21 13:18:48 2006

