#Tube no.   Tube coarse gain   Tube fine gain   Tube spect. peak
    1            59               13380            144.53
    2            59               15098            146.49
    3           116               11645            144.32
    4            99               10245            143.20
    5           110               10109            144.27
    6            58               15140            145.41
    7            59               12828            144.42
    8            61               13763            144.11
    9            52               14101            143.35
   10            57               14215            143.34
   11            54               12769            143.11
   12            71               15598            145.56
   13           112               11519            145.06
   14           129               11907            144.33
   15            91               11215            144.20
   16            65               14391            146.30
   17            67               12973            145.26
   18            59               14649            144.55
   19            55               14236            144.53
   20            57               13318            144.59
   21            84               13140            139.63
   22            70               12599            139.58
   23            70               11898            143.56
   24            62               13689            144.12
   25            65               12239            139.60
   26            66               12170            139.72
   27            65               13032            139.70
   28            68               13110            140.18
   29            65               12997            139.72
   30            62               13199            140.22
   31            57               13764            144.61
   32            89               13293            144.65
   33            83               12746            140.24
   34            61               13186            140.24
   35            67               12554            140.19
   36            64               13028            139.78
   37            63               13244            139.74
   38            66               12767            139.78
   39            85               12681            139.69
   40            80               12895            139.68
   41            81               12401            140.19
   42            83               12894            139.76
   43            71               11180            140.22
   44            69               11828            139.75
   45            68               12707            140.17
   46            63               12918            140.21
   47            68               12314            139.78
   48            86               12015            139.73
   49            75               12427            139.67
   50            71               12318            139.71
   51            74               12306            139.72
   52            73               11857            139.81
   53            75               12777            140.33
   54            70               12276            139.69
   55            66               12099            139.82
#Date: THU FEB 01 13:01:12 2007

