#Tube no.   Tube coarse gain   Tube fine gain   Tube spect. peak
    1            59               13511            144.53
    2            59               15173            146.49
    3           116               11748            144.32
    4            99               10204            143.20
    5           110                9941            144.27
    6            58               15352            145.41
    7            59               12939            144.42
    8            61               13919            144.11
    9            52               14266            143.35
   10            57               14329            143.34
   11            54               12810            143.11
   12            71               15826            145.56
   13           112               11514            145.06
   14           129               12110            144.33
   15            91               11222            144.20
   16            65               14486            146.30
   17            67               13066            145.26
   18            59               14830            144.55
   19            55               14465            144.53
   20            57               13390            144.59
   21            84               13353            139.63
   22            70               12685            139.58
   23            70               11838            143.56
   24            62               13925            144.12
   25            65               12374            139.60
   26            66               12286            139.72
   27            65               13257            139.70
   28            68               13374            140.18
   29            65               13197            139.72
   30            62               13374            140.22
   31            57               14017            144.61
   32            89               13433            144.65
   33            83               12966            140.24
   34            61               13390            140.24
   35            67               12755            140.19
   36            64               13222            139.78
   37            63               13509            139.74
   38            66               12983            139.78
   39            85               12913            139.69
   40            80               13078            139.68
   41            81               12479            140.19
   42            83               13069            139.76
   43            71               11202            140.22
   44            69               11935            139.75
   45            68               12905            140.17
   46            63               13127            140.21
   47            68               12479            139.78
   48            86               12040            139.73
   49            75               12638            139.67
   50            71               12492            139.71
   51            74               12396            139.72
   52            73               11967            139.81
   53            75               12994            140.33
   54            70               12433            139.69
   55            66               12182            139.82
#Date: FRI NOV 30 16:17:32 2007

