#Tube no.   Tube coarse gain   Tube fine gain   Tube spect. peak
    1            75               13727            144.82
    2            70               15818            145.16
    3           101               12447            143.04
    4           114               12460            144.23
    5           104               11639            143.40
    6            55               16314            145.33
    7            59               13563            144.75
    8            57               14356            143.21
    9            55               13143            142.67
   10            68               14292            143.78
   11            62               13602            144.39
   12            63               15136            146.70
   13           106               11378            145.25
   14           101               11471            143.49
   15           100                9609            142.41
   16            91               14785            146.12
   17            77               13286            145.22
   18            82               14670            144.16
   19            64               14275            144.27
   20            73               14573            145.17
   21            71               13501            140.24
   22            79               13506            139.91
   23            63               14345            144.51
   24            76               15014            143.76
   25            66               14072            140.27
   26            71               13285            139.80
   27            68               13478            139.94
   28            83               12703            139.75
   29            68               13548            140.19
   30            69               13496            140.31
   31            58               14227            144.56
   32            61               14551            144.45
   33            67               13725            139.92
   34            64               14401            139.96
   35            66               13363            140.21
   36            85               13530            139.96
   37            83               12866            140.26
   38            70               13658            140.27
   39            66               14327            140.30
   40            74               13861            139.73
   41            72               13158            139.85
   42            70               13298            140.30
   43            73               13722            140.18
   44            66               14034            140.30
   45            68               13955            140.21
   46            67               13684            140.26
   47            65               13751            139.78
   48            76               13211            140.38
   49            76               13312            140.23
   50            75               13402            139.87
   51            70               13569            139.98
   52            63               13036            139.90
   53            68               12981            139.84
   54            74               13711            139.77
   55            72               12828            139.81
#Date: THU JUL 12 16:05:11 2007

