#Tube no.   Tube coarse gain   Tube fine gain   Tube spect. peak
    1            59               13530            144.53
    2            59               15295            146.49
    3           116               11853            144.32
    4            99               10151            143.20
    5           110                9621            144.27
    6            58               15627            145.41
    7            59               13120            144.42
    8            61               13994            144.11
    9            52               14504            143.35
   10            57               14424            143.34
   11            54               12869            143.11
   12            71               16035            145.56
   13           112               11532            145.06
   14           129               12414            144.33
   15            91               11314            144.20
   16            65               14475            146.30
   17            67               13035            145.26
   18            59               14973            144.55
   19            55               14617            144.53
   20            57               13293            144.59
   21            84               13598            139.63
   22            70               12734            139.58
   23            70               11581            143.56
   24            62               14131            144.12
   25            65               12400            139.60
   26            66               12425            139.72
   27            65               13561            139.70
   28            68               13651            140.18
   29            65               13531            139.72
   30            62               13560            140.22
   31            57               14182            144.61
   32            89               13712            144.65
   33            83               13121            140.24
   34            61               13459            140.24
   35            67               12812            140.19
   36            64               13384            139.78
   37            63               13738            139.74
   38            66               13188            139.78
   39            85               13215            139.69
   40            80               13299            139.68
   41            81               12585            140.19
   42            83               13410            139.76
   43            71               11109            140.22
   44            69               12034            139.75
   45            68               12918            140.17
   46            63               13383            140.21
   47            68               12535            139.78
   48            86               11953            139.73
   49            75               12858            139.67
   50            71               12553            139.71
   51            74               12462            139.72
   52            73               11987            139.81
   53            75               13227            140.33
   54            70               12497            139.69
   55            66               12257            139.82
#Date: THU JUN 26 13:31:30 2008

