#Tube no.   Tube coarse gain   Tube fine gain   Tube spect. peak
    1            59               13870            144.53
    2            59               15705            146.49
    3           116               12512            144.32
    4            99               10212            143.20
    5           110                9348            144.27
    6            58               16173            145.41
    7            59               13675            144.42
    8            61               14230            144.11
    9            52               14981            143.35
   10            57               14614            143.34
   11            54               13112            143.11
   12            71               16390            145.56
   13           112               11572            145.06
   14           129               13095            144.33
   15            91               11722            144.20
   16            65               14764            146.30
   17            67               13207            145.26
   18            59               15321            144.55
   19            55               15025            144.53
   20            57               13238            144.59
   21            84               14019            139.63
   22            70               12840            139.58
   23            70               11225            143.56
   24            62               14435            144.12
   25            65               12482            139.60
   26            66               12716            139.72
   27            65               13982            139.70
   28            68               14095            140.18
   29            65               14140            139.72
   30            62               13873            140.22
   31            57               14648            144.61
   32            89               14255            144.65
   33            83               13351            140.24
   34            61               13654            140.24
   35            67               12897            140.19
   36            64               13859            139.78
   37            63               14179            139.74
   38            66               13641            139.78
   39            85               13545            139.69
   40            80               13681            139.68
   41            81               12697            140.19
   42            83               13962            139.76
   43            71               10807            140.22
   44            69               12129            139.75
   45            68               13018            140.17
   46            63               13878            140.21
   47            68               12686            139.78
   48            86               11728            139.73
   49            75               13301            139.67
   50            71               12741            139.71
   51            74               12518            139.72
   52            73               12091            139.81
   53            75               13743            140.33
   54            70               12597            139.69
   55            66               12534            139.82
#Date: FRI OCT 01 17:38:53 2010

