#Tube no.   Tube coarse gain   Tube fine gain   Tube spect. peak
    1            75               13946            144.82
    2            70               16344            145.16
    3           101               12851            143.04
    4           114               12969            144.23
    5           104               11357            143.40
    6            55               16130            145.33
    7            59               13866            144.75
    8            57               14736            143.21
    9            55               13163            142.67
   10            68               14713            143.78
   11            62               13796            144.39
   12            63               15366            146.70
   13           106               11604            145.25
   14           101               11586            143.49
   15           100                8762            142.41
   16            91               14647            146.12
   17            77               13407            145.22
   18            82               15369            144.16
   19            64               14395            144.27
   20            73               14803            145.17
   21            71               13901            140.24
   22            79               13994            139.91
   23            63               14468            144.51
   24            76               15839            143.76
   25            66               14828            140.27
   26            71               13262            139.80
   27            68               13810            139.94
   28            83               12212            139.75
   29            68               14041            140.19
   30            69               14145            140.31
   31            58               14540            144.56
   32            61               15411            144.45
   33            67               14534            139.92
   34            64               15037            139.96
   35            66               13451            140.21
   36            85               14000            139.96
   37            83               12874            140.26
   38            70               14192            140.27
   39            66               14862            140.30
   40            74               14434            139.73
   41            72               13544            139.85
   42            70               13510            140.30
   43            73               14025            140.18
   44            66               14545            140.30
   45            68               14427            140.21
   46            67               14489            140.26
   47            65               14354            139.78
   48            76               13446            140.38
   49            76               13565            140.23
   50            75               13775            139.87
   51            70               13677            139.98
   52            63               13211            139.90
   53            68               13195            139.84
   54            74               14219            139.77
   55            72               12695            139.81
#Date: TUE MAR 15 17:56:53 2011

