#Tube no.   Tube coarse gain   Tube fine gain   Tube spect. peak
    1            75               14084            144.82
    2            70               16540            145.16
    3           101               12982            143.04
    4           114               13076            144.23
    5           104               11326            143.40
    6            55               16195            145.33
    7            59               13929            144.75
    8            57               14862            143.21
    9            55               13235            142.67
   10            68               14828            143.78
   11            62               13951            144.39
   12            63               15424            146.70
   13           106               11707            145.25
   14           101               11665            143.49
   15           100                8785            142.41
   16            91               14542            146.12
   17            77               13543            145.22
   18            82               15561            144.16
   19            64               14515            144.27
   20            73               14879            145.17
   21            71               13892            140.24
   22            79               14077            139.91
   23            63               14487            144.51
   24            76               16111            143.76
   25            66               14966            140.27
   26            71               13253            139.80
   27            68               13942            139.94
   28            83               12047            139.75
   29            68               14095            140.19
   30            69               14326            140.31
   31            58               14657            144.56
   32            61               15701            144.45
   33            67               14768            139.92
   34            64               15136            139.96
   35            66               13458            140.21
   36            85               14044            139.96
   37            83               12886            140.26
   38            70               14353            140.27
   39            66               14962            140.30
   40            74               14576            139.73
   41            72               13814            139.85
   42            70               13656            140.30
   43            73               14176            140.18
   44            66               14835            140.30
   45            68               14571            140.21
   46            67               14820            140.26
   47            65               14623            139.78
   48            76               13597            140.38
   49            76               13710            140.23
   50            75               13884            139.87
   51            70               13791            139.98
   52            63               13377            139.90
   53            68               13354            139.84
   54            74               14500            139.77
   55            72               12723            139.81
#Date: FRI JUN 08 16:41:01 2012

