#Tube no.   Tube coarse gain   Tube fine gain   Tube spect. peak
    1            59               14454            144.53
    2            59               16339            146.49
    3           116               13281            144.32
    4            99               10466            143.20
    5           110                9386            144.27
    6            58               16606            145.41
    7            59               14211            144.42
    8            61               14515            144.11
    9            52               15564            143.35
   10            57               15223            143.34
   11            54               13657            143.11
   12            71               17125            145.56
   13           112               12022            145.06
   14           129               14043            144.33
   15            91               12389            144.20
   16            65               15196            146.30
   17            67               13561            145.26
   18            59               15892            144.55
   19            55               15557            144.53
   20            57               13555            144.59
   21            84               14603            139.63
   22            70               13234            139.58
   23            70               11193            143.56
   24            62               14854            144.12
   25            65               12764            139.60
   26            66               12999            139.72
   27            65               14534            139.70
   28            68               14728            140.18
   29            65               14989            139.72
   30            62               14263            140.22
   31            57               15269            144.61
   32            89               14997            144.65
   33            83               13968            140.24
   34            61               14081            140.24
   35            67               13254            140.19
   36            64               14526            139.78
   37            63               14723            139.74
   38            66               14250            139.78
   39            85               13949            139.69
   40            80               14106            139.68
   41            81               12968            140.19
   42            83               14634            139.76
   43            71               10851            140.22
   44            69               12453            139.75
   45            68               13425            140.17
   46            63               14669            140.21
   47            68               13094            139.78
   48            86               11837            139.73
   49            75               13892            139.67
   50            71               13036            139.71
   51            74               12737            139.72
   52            73               12297            139.81
   53            75               14404            140.33
   54            70               12940            139.69
   55            66               13025            139.82
#Date: FRI NOV 02 16:06:01 2012

