#Tube no.   Tube coarse gain   Tube fine gain   Tube spect. peak
    1            75               14057            144.82
    2            70               16441            145.16
    3           101               12915            143.04
    4           114               13110            144.23
    5           104               11340            143.40
    6            55               16102            145.33
    7            59               13874            144.75
    8            57               14812            143.21
    9            55               13220            142.67
   10            68               14729            143.78
   11            62               13935            144.39
   12            63               15340            146.70
   13           106               11676            145.25
   14           101               11576            143.49
   15           100                8748            142.41
   16            91               14517            146.12
   17            77               13441            145.22
   18            82               15525            144.16
   19            64               14413            144.27
   20            73               14847            145.17
   21            71               13845            140.24
   22            79               14055            139.91
   23            63               14407            144.51
   24            76               16040            143.76
   25            66               14956            140.27
   26            71               13244            139.80
   27            68               13860            139.94
   28            83               12060            139.75
   29            68               14038            140.19
   30            69               14248            140.31
   31            58               14560            144.56
   32            61               15556            144.45
   33            67               14616            139.92
   34            64               15070            139.96
   35            66               13421            140.21
   36            85               14030            139.96
   37            83               12830            140.26
   38            70               14280            140.27
   39            66               14889            140.30
   40            74               14487            139.73
   41            72               13647            139.85
   42            70               13550            140.30
   43            73               14039            140.18
   44            66               14728            140.30
   45            68               14505            140.21
   46            67               14719            140.26
   47            65               14513            139.78
   48            76               13491            140.38
   49            76               13713            140.23
   50            75               13857            139.87
   51            70               13606            139.98
   52            63               13287            139.90
   53            68               13291            139.84
   54            74               14385            139.77
   55            72               12708            139.81
#Date: TUE MAR 27 16:36:09 2012

