#Tube no.   Tube coarse gain   Tube fine gain   Tube spect. peak
    1            75               14244            144.82
    2            70               16848            145.16
    3           101               13141            143.04
    4           114               13340            144.23
    5           104               11515            143.40
    6            55               16366            145.33
    7            59               14158            144.75
    8            57               15189            143.21
    9            55               13416            142.67
   10            68               15046            143.78
   11            62               14324            144.39
   12            63               15490            146.70
   13           106               11953            145.25
   14           101               11853            143.49
   15           100                8842            142.41
   16            91               14482            146.12
   17            77               13753            145.22
   18            82               15903            144.16
   19            64               14654            144.27
   20            73               15161            145.17
   21            71               13967            140.24
   22            79               14196            139.91
   23            63               14622            144.51
   24            76               16534            143.76
   25            66               15253            140.27
   26            71               13395            139.80
   27            68               14154            139.94
   28            83               11957            139.75
   29            68               14290            140.19
   30            69               14677            140.31
   31            58               14863            144.56
   32            61               16020            144.45
   33            67               14871            139.92
   34            64               15404            139.96
   35            66               13615            140.21
   36            85               14160            139.96
   37            83               12991            140.26
   38            70               14625            140.27
   39            66               15224            140.30
   40            74               14833            139.73
   41            72               14121            139.85
   42            70               13816            140.30
   43            73               14398            140.18
   44            66               15181            140.30
   45            68               14876            140.21
   46            67               15366            140.26
   47            65               14944            139.78
   48            76               13759            140.38
   49            76               13924            140.23
   50            75               14078            139.87
   51            70               13903            139.98
   52            63               13624            139.90
   53            68               13628            139.84
   54            74               14912            139.77
   55            72               12856            139.81
#Date: FRI DEC 20 16:15:05 2013

