#Tube no.   Tube coarse gain   Tube fine gain   Tube spect. peak
    1            75               14349            144.82
    2            70               16894            145.16
    3           101               13229            143.04
    4           114               13436            144.23
    5           104               11589            143.40
    6            55               16368            145.33
    7            59               14270            144.75
    8            57               15312            143.21
    9            55               13457            142.67
   10            68               15126            143.78
   11            62               14408            144.39
   12            63               15480            146.70
   13           106               12037            145.25
   14           101               11949            143.49
   15           100                8901            142.41
   16            91               14427            146.12
   17            77               13817            145.22
   18            82               16021            144.16
   19            64               14688            144.27
   20            73               15310            145.17
   21            71               13975            140.24
   22            79               14179            139.91
   23            63               14631            144.51
   24            76               16723            143.76
   25            66               15429            140.27
   26            71               13402            139.80
   27            68               14285            139.94
   28            83               11833            139.75
   29            68               14301            140.19
   30            69               14767            140.31
   31            58               14971            144.56
   32            61               16193            144.45
   33            67               14981            139.92
   34            64               15519            139.96
   35            66               13608            140.21
   36            85               14310            139.96
   37            83               12981            140.26
   38            70               14818            140.27
   39            66               15360            140.30
   40            74               14929            139.73
   41            72               14260            139.85
   42            70               13848            140.30
   43            73               14442            140.18
   44            66               15263            140.30
   45            68               15058            140.21
   46            67               15558            140.26
   47            65               15176            139.78
   48            76               13937            140.38
   49            76               13977            140.23
   50            75               14148            139.87
   51            70               13900            139.98
   52            63               13722            139.90
   53            68               13703            139.84
   54            74               15018            139.77
   55            72               12952            139.81
#Date: THU OCT 09 21:49:22 2014

