#Tube no.   Tube coarse gain   Tube fine gain   Tube spect. peak
    1            75               14515            144.82
    2            70               17124            145.16
    3           101               13352            143.04
    4           114               13587            144.23
    5           104               11717            143.40
    6            55               16524            145.33
    7            59               14423            144.75
    8            57               15532            143.21
    9            55               13586            142.67
   10            68               15240            143.78
   11            62               14542            144.39
   12            63               15549            146.70
   13           106               12187            145.25
   14           101               12088            143.49
   15           100                8951            142.41
   16            91               14581            146.12
   17            77               14020            145.22
   18            82               16390            144.16
   19            64               14997            144.27
   20            73               15550            145.17
   21            71               14118            140.24
   22            79               14355            139.91
   23            63               14805            144.51
   24            76               16925            143.76
   25            66               15630            140.27
   26            71               13479            139.80
   27            68               14463            139.94
   28            83               11807            139.75
   29            68               14456            140.19
   30            69               14934            140.31
   31            58               15109            144.56
   32            61               16541            144.45
   33            67               15208            139.92
   34            64               15920            139.96
   35            66               13854            140.21
   36            85               14502            139.96
   37            83               13226            140.26
   38            70               15012            140.27
   39            66               15466            140.30
   40            74               15087            139.73
   41            72               14455            139.85
   42            70               13997            140.30
   43            73               14623            140.18
   44            66               15500            140.30
   45            68               15288            140.21
   46            67               16037            140.26
   47            65               15511            139.78
   48            76               14153            140.38
   49            76               14164            140.23
   50            75               14319            139.87
   51            70               14105            139.98
   52            63               13869            139.90
   53            68               13944            139.84
   54            74               15341            139.77
   55            72               13085            139.81
#Date: TUE OCT 06 18:27:45 2015

