#Tube no.   Tube coarse gain   Tube fine gain   Tube spect. peak
    1            59               15476            144.53
    2            59               17755            146.49
    3           116               14978            144.32
    4            99               11077            143.20
    5           110                9603            144.27
    6            58               17942            145.41
    7            59               14947            144.42
    8            61               15220            144.11
    9            52               16861            143.35
   10            57               16445            143.34
   11            54               14943            143.11
   12            71               18258            145.56
   13           112               12732            145.06
   14           129               15506            144.33
   15            91               14032            144.20
   16            65               16320            146.30
   17            67               14255            145.26
   18            59               16718            144.55
   19            55               16603            144.53
   20            57               14311            144.59
   21            84               15683            139.63
   22            70               14251            139.58
   23            70               11164            143.56
   24            62               15880            144.12
   25            65               13511            139.60
   26            66               13738            139.72
   27            65               15744            139.70
   28            68               16205            140.18
   29            65               16627            139.72
   30            62               15301            140.22
   31            57               16636            144.61
   32            89               16249            144.65
   33            83               14945            140.24
   34            61               15087            140.24
   35            67               13860            140.19
   36            64               15720            139.78
   37            63               15814            139.74
   38            66               15640            139.78
   39            85               14713            139.69
   40            80               15113            139.68
   41            81               13636            140.19
   42            83               15978            139.76
   43            71               11330            140.22
   44            69               13323            139.75
   45            68               14323            140.17
   46            63               15961            140.21
   47            68               14032            139.78
   48            86               12212            139.73
   49            75               15078            139.67
   50            71               13826            139.71
   51            74               13409            139.72
   52            73               12929            139.81
   53            75               15705            140.33
   54            70               13504            139.69
   55            66               14227            139.82
#Date: TUE OCT 11 15:56:38 2016

