#Tube no.   Tube coarse gain   Tube fine gain   Tube spect. peak
    1            75               14730            144.82
    2            70               17379            145.16
    3           101               13606            143.04
    4           114               13880            144.23
    5           104               11935            143.40
    6            55               16697            145.33
    7            59               14676            144.75
    8            57               15909            143.21
    9            55               13746            142.67
   10            68               15423            143.78
   11            62               14874            144.39
   12            63               15635            146.70
   13           106               12407            145.25
   14           101               12275            143.49
   15           100                9074            142.41
   16            91               14462            146.12
   17            77               14178            145.22
   18            82               16692            144.16
   19            64               15148            144.27
   20            73               15842            145.17
   21            71               14225            140.24
   22            79               14463            139.91
   23            63               14926            144.51
   24            76               17355            143.76
   25            66               15995            140.27
   26            71               13647            139.80
   27            68               14782            139.94
   28            83               11750            139.75
   29            68               14625            140.19
   30            69               15293            140.31
   31            58               15348            144.56
   32            61               17022            144.45
   33            67               15450            139.92
   34            64               16277            139.96
   35            66               14004            140.21
   36            85               14746            139.96
   37            83               13349            140.26
   38            70               15445            140.27
   39            66               15689            140.30
   40            74               15374            139.73
   41            72               14849            139.85
   42            70               14103            140.30
   43            73               14806            140.18
   44            66               15828            140.30
   45            68               15647            140.21
   46            67               16659            140.26
   47            65               15923            139.78
   48            76               14455            140.38
   49            76               14260            140.23
   50            75               14666            139.87
   51            70               14212            139.98
   52            63               14146            139.90
   53            68               14310            139.84
   54            74               15850            139.77
   55            72               13283            139.81
#Date: MON OCT 02 23:32:50 2017

