#Tube no.   Tube coarse gain   Tube fine gain   Tube spect. peak
    1            75               14884            144.82
    2            70               17616            145.16
    3           101               13686            143.04
    4           114               14044            144.23
    5           104               12129            143.40
    6            55               17066            145.33
    7            59               14827            144.75
    8            57               16129            143.21
    9            55               13906            142.67
   10            68               15689            143.78
   11            62               15132            144.39
   12            63               15800            146.70
   13           106               12616            145.25
   14           101               12407            143.49
   15           100                9234            142.41
   16            91               14458            146.12
   17            77               14501            145.22
   18            82               16884            144.16
   19            64               15328            144.27
   20            73               16145            145.17
   21            71               14326            140.24
   22            79               14691            139.91
   23            63               15246            144.51
   24            76               17700            143.76
   25            66               16212            140.27
   26            71               13866            139.80
   27            68               15076            139.94
   28            83               11779            139.75
   29            68               14790            140.19
   30            69               15581            140.31
   31            58               15566            144.56
   32            61               17376            144.45
   33            67               15624            139.92
   34            64               16541            139.96
   35            66               14266            140.21
   36            85               14876            139.96
   37            83               13575            140.26
   38            70               15719            140.27
   39            66               16011            140.30
   40            74               15580            139.73
   41            72               15177            139.85
   42            70               14350            140.30
   43            73               15063            140.18
   44            66               16066            140.30
   45            68               15948            140.21
   46            67               17076            140.26
   47            65               16180            139.78
   48            76               14757            140.38
   49            76               14417            140.23
   50            75               14840            139.87
   51            70               14429            139.98
   52            63               14389            139.90
   53            68               14637            139.84
   54            74               16134            139.77
   55            72               13542            139.81
#Date: MON OCT 08 20:55:53 2018

