#Tube no.   Tube coarse gain   Tube fine gain   Tube spect. peak
    1            59               16215            144.53
    2            59               18627            146.49
    3           116               15879            144.32
    4            99               11496            143.20
    5           110                9816            144.27
    6            58               18712            145.41
    7            59               15267            144.42
    8            61               15582            144.11
    9            52               17445            143.35
   10            57               17070            143.34
   11            54               15773            143.11
   12            71               19033            145.56
   13           112               13209            145.06
   14           129               16585            144.33
   15            91               15091            144.20
   16            65               16937            146.30
   17            67               14684            145.26
   18            59               17103            144.55
   19            55               17141            144.53
   20            57               14904            144.59
   21            84               16168            139.63
   22            70               14791            139.58
   23            70               11262            143.56
   24            62               16434            144.12
   25            65               13951            139.60
   26            66               14039            139.72
   27            65               16187            139.70
   28            68               16960            140.18
   29            65               17392            139.72
   30            62               15689            140.22
   31            57               17178            144.61
   32            89               16796            144.65
   33            83               15402            140.24
   34            61               15595            140.24
   35            67               14230            140.19
   36            64               16347            139.78
   37            63               16447            139.74
   38            66               16370            139.78
   39            85               15075            139.69
   40            80               15540            139.68
   41            81               13988            140.19
   42            83               16661            139.76
   43            71               11580            140.22
   44            69               13804            139.75
   45            68               14868            140.17
   46            63               16625            140.21
   47            68               14498            139.78
   48            86               12468            139.73
   49            75               15585            139.67
   50            71               14227            139.71
   51            74               13791            139.72
   52            73               13271            139.81
   53            75               16263            140.33
   54            70               13842            139.69
   55            66               14874            139.82
#Date: TUE DEC 04 14:33:16 2018

