#Tube no.   Tube coarse gain   Tube fine gain   Tube spect. peak
    1            59               16383            144.53
    2            59               18638            146.49
    3           116               15870            144.32
    4            99               11451            143.20
    5           110                9829            144.27
    6            58               18781            145.41
    7            59               15295            144.42
    8            61               15531            144.11
    9            52               17522            143.35
   10            57               17102            143.34
   11            54               15875            143.11
   12            71               19118            145.56
   13           112               13309            145.06
   14           129               16753            144.33
   15            91               15225            144.20
   16            65               17042            146.30
   17            67               14678            145.26
   18            59               17062            144.55
   19            55               17163            144.53
   20            57               14890            144.59
   21            84               16223            139.63
   22            70               14905            139.58
   23            70               11232            143.56
   24            62               16445            144.12
   25            65               13985            139.60
   26            66               14013            139.72
   27            65               16222            139.70
   28            68               17028            140.18
   29            65               17457            139.72
   30            62               15778            140.22
   31            57               17258            144.61
   32            89               16893            144.65
   33            83               15408            140.24
   34            61               15730            140.24
   35            67               14202            140.19
   36            64               16406            139.78
   37            63               16470            139.74
   38            66               16374            139.78
   39            85               15085            139.69
   40            80               15515            139.68
   41            81               13989            140.19
   42            83               16671            139.76
   43            71               11531            140.22
   44            69               13792            139.75
   45            68               14947            140.17
   46            63               16690            140.21
   47            68               14544            139.78
   48            86               12434            139.73
   49            75               15605            139.67
   50            71               14270            139.71
   51            74               13797            139.72
   52            73               13294            139.81
   53            75               16287            140.33
   54            70               13799            139.69
   55            66               14915            139.82
#Date: TUE APR 16 16:22:53 2019

