#Tube no.   Tube coarse gain   Tube fine gain   Tube spect. peak
    1            75               14979            144.82
    2            70               17703            145.16
    3           101               13763            143.04
    4           114               14178            144.23
    5           104               12148            143.40
    6            55               17013            145.33
    7            59               14888            144.75
    8            57               16192            143.21
    9            55               13928            142.67
   10            68               15633            143.78
   11            62               15221            144.39
   12            63               15706            146.70
   13           106               12563            145.25
   14           101               12396            143.49
   15           100                9203            142.41
   16            91               14347            146.12
   17            77               14581            145.22
   18            82               16964            144.16
   19            64               15233            144.27
   20            73               16222            145.17
   21            71               14296            140.24
   22            79               14551            139.91
   23            63               15175            144.51
   24            76               17772            143.76
   25            66               16275            140.27
   26            71               13811            139.80
   27            68               15023            139.94
   28            83               11679            139.75
   29            68               14814            140.19
   30            69               15564            140.31
   31            58               15534            144.56
   32            61               17440            144.45
   33            67               15589            139.92
   34            64               16533            139.96
   35            66               14104            140.21
   36            85               14897            139.96
   37            83               13537            140.26
   38            70               15751            140.27
   39            66               15907            140.30
   40            74               15580            139.73
   41            72               15150            139.85
   42            70               14214            140.30
   43            73               15014            140.18
   44            66               16096            140.30
   45            68               15897            140.21
   46            67               17182            140.26
   47            65               16225            139.78
   48            76               14705            140.38
   49            76               14383            140.23
   50            75               14822            139.87
   51            70               14284            139.98
   52            63               14277            139.90
   53            68               14579            139.84
   54            74               16067            139.77
   55            72               13453            139.81
#Date: WED NOV 27 18:08:29 2019

