#Tube no.   Tube coarse gain   Tube fine gain   Tube spect. peak
    1            75               15193            144.82
    2            70               18158            145.16
    3           101               13952            143.04
    4           114               14346            144.23
    5           104               12346            143.40
    6            55               17329            145.33
    7            59               15177            144.75
    8            57               16501            143.21
    9            55               14242            142.67
   10            68               15936            143.78
   11            62               15442            144.39
   12            63               15961            146.70
   13           106               12827            145.25
   14           101               12558            143.49
   15           100                9475            142.41
   16            91               14575            146.12
   17            77               14820            145.22
   18            82               17230            144.16
   19            64               15526            144.27
   20            73               16627            145.17
   21            71               14600            140.24
   22            79               14758            139.91
   23            63               15400            144.51
   24            76               18103            143.76
   25            66               16542            140.27
   26            71               14055            139.80
   27            68               15347            139.94
   28            83               11815            139.75
   29            68               14985            140.19
   30            69               15871            140.31
   31            58               15782            144.56
   32            61               17739            144.45
   33            67               15876            139.92
   34            64               16812            139.96
   35            66               14428            140.21
   36            85               15104            139.96
   37            83               13747            140.26
   38            70               16025            140.27
   39            66               16219            140.30
   40            74               15798            139.73
   41            72               15459            139.85
   42            70               14406            140.30
   43            73               15305            140.18
   44            66               16290            140.30
   45            68               16204            140.21
   46            67               17533            140.26
   47            65               16527            139.78
   48            76               14958            140.38
   49            76               14643            140.23
   50            75               15143            139.87
   51            70               14578            139.98
   52            63               14516            139.90
   53            68               14814            139.84
   54            74               16373            139.77
   55            72               13699            139.81
#Date: WED APR 08 15:21:42 2020

