#Tube no.   Tube coarse gain   Tube fine gain   Tube spect. peak
    1            63               13607            144.27
    2            54               16239            145.27
    3           111               12010            143.19
    4           137               12000            144.11
    5           124               12430            144.12
    6            56               15901            146.71
    7            68               13669            144.51
    8            71               14701            143.86
    9            65               14151            143.55
   10            64               15139            143.31
   11            56               13557            143.96
   12            65               16337            146.26
   13           133               12290            143.38
   14           138               11992            143.52
   15           120               12351            143.44
   16            60               16061            144.79
   17            64               13871            144.41
   18            67               14873            145.24
   19            61               14348            144.36
   20            60               15332            144.93
   21            60               12598            140.11
   22            68               12759            140.04
   23            60               14275            144.22
   24            69               13600            144.33
   25            66               12237            139.86
   26            63               13173            140.08
   27            64               12802            140.04
   28            58               12530            140.10
   29            65               12840            139.92
   30            62               12699            140.22
   31            72               13898            143.88
   32            74               13754            145.22
   33            76               12631            140.00
   34            75               12962            139.91
   35            68               12765            140.04
   36            71               12382            139.96
   37            71               12316            139.98
   38            67               12899            139.97
   39            58               12958            140.28
   40            58               12679            139.91
   41            60               12531            140.00
   42            89               12475            140.24
   43            82               12150            139.99
   44            80               12758            140.03
   45            65               12634            140.12
   46            62               12388            140.00
   47            68               12578            140.05
   48            65               12391            139.84
   49            73               12711            139.92
   50            74               12704            140.02
   51            73               12520            139.92
   52            66               12638            140.26
   53            75               12456            139.90
   54            66               12693            140.03
   55            64               12724            140.04
#Date: WED NOV 17 23:23:34 2004

