#Tube no.   Tube coarse gain   Tube fine gain   Tube spect. peak
    1            78               12176            144.75
    2            61               14031            145.47
    3           101                9761            144.21
    4           108                6596            142.66
    5            89               11027            143.79
    6            62               13787            145.63
    7            59               16245            144.77
    8            53               17721            143.37
    9            55               15209            144.72
   10            51               17726            144.56
   11            50               17044            144.15
   12            67               14250            145.05
   13            85               10502            143.45
   14            90                9373            142.73
   15            92                9629            143.60
   16            69               13700            144.65
   17            63               15261            144.53
   18            56               17856            144.94
   19            49               17922            144.14
   20            54               15920            143.83
   21            71               12342            140.01
   22            70               14216            140.03
   23            63               15673            143.78
   24            59               15327            144.26
   25            61               15448            140.00
   26            69               13283            139.96
   27            62               14240            140.07
   28            59               14951            140.01
   29            54               17724            139.98
   30            80               11481            140.27
   31            65               14518            144.11
   32            62               14261            144.45
   33            69               12469            140.27
   34            67               13503            139.95
   35            65               13587            139.96
   36            66               13047            140.02
   37            59               13583            140.10
   38            55               12774            139.96
   39            55               16954            139.91
   40            87                9961            140.30
   41            81               10764            140.30
   42            79               11435            139.90
   43            73               12512            139.85
   44            72               11580            140.28
   45            56               16677            140.29
   46            79               11265            139.96
   47            76               11978            140.23
   48            73               12903            140.09
   49            58               11959            139.94
   50            59               15590            140.00
   51           101                8591            140.09
   52            61               15019            140.02
   53            66               13551            140.11
   54            55               16555            139.99
   55            94                8958            140.02
#Date: MON JAN 10 18:40:22 2005

