#Tube no.   Tube coarse gain   Tube fine gain   Tube spect. peak
    1            78               12231            144.75
    2            61               14082            145.47
    3           101                9754            144.21
    4           108                6612            142.66
    5            89               11040            143.79
    6            62               13894            145.63
    7            59               16291            144.77
    8            53               17742            143.37
    9            55               15244            144.72
   10            51               17718            144.56
   11            50               17059            144.15
   12            67               14293            145.05
   13            85               10575            143.45
   14            90                9359            142.73
   15            92                9643            143.60
   16            69               13724            144.65
   17            63               15259            144.53
   18            56               17597            144.94
   19            49               17898            144.14
   20            54               15950            143.83
   21            71               12322            140.01
   22            70               14279            140.03
   23            63               15788            143.78
   24            59               15363            144.26
   25            61               15476            140.00
   26            69               13349            139.96
   27            62               14239            140.07
   28            59               14901            140.01
   29            54               17748            139.98
   30            80               11537            140.27
   31            65               14538            144.11
   32            62               14276            144.45
   33            69               12505            140.27
   34            67               13513            139.95
   35            65               13586            139.96
   36            66               13074            140.02
   37            59               13566            140.10
   38            55               12816            139.96
   39            55               16996            139.91
   40            87                9985            140.30
   41            81               10803            140.30
   42            79               11496            139.90
   43            73               12565            139.85
   44            72               11624            140.28
   45            56               16703            140.29
   46            79               11255            139.96
   47            76               11995            140.23
   48            73               12960            140.09
   49            58               12004            139.94
   50            59               15649            140.00
   51           101                8610            140.09
   52            61               15041            140.02
   53            66               13593            140.11
   54            55               16657            139.99
   55            94                8999            140.02
#Date: TUE JAN 11 13:27:26 2005

