#Tube no.   Tube coarse gain   Tube fine gain   Tube spect. peak
    1            60               13906            144.61
    2            57               16079            146.58
    3           111               12552            144.20
    4            95               13000            143.36
    5           106               12495            144.19
    6            56               16064            145.48
    7            57               14417            144.37
    8            59               14715            143.78
    9            51               14587            143.62
   10            56               15032            143.58
   11            52               14167            143.35
   12            69               15930            145.62
   13           106               12786            144.62
   14           126               12893            144.32
   15            90               12711            143.80
   16            63               16005            145.99
   17            66               14278            145.19
   18            56               15333            144.65
   19            54               14890            144.70
   20            56               14882            144.87
   21            82               12821            140.04
   22            67               13350            140.02
   23            68               13856            143.80
   24            60               13977            143.92
   25            63               12745            139.95
   26            63               13067            140.00
   27            64               12793            139.88
   28            67               12848            139.96
   29            62               13057            139.89
   30            59               12868            139.69
   31            55               13908            144.60
   32            85               13882            144.58
   33            82               12720            139.92
   34            60               13378            140.07
   35            66               12839            140.02
   36            63               13045            140.01
   37            62               12521            139.96
   38            64               12751            139.93
   39            82               12769            139.93
   40            76               12989            139.86
   41            79               12698            139.87
   42            82               12462            139.90
   43            70               12386            140.03
   44            66               12678            140.00
   45            66               13108            139.79
   46            62               12728            139.92
   47            66               12615            139.88
   48            82               12958            140.03
   49            72               12716            139.95
   50            68               12644            139.97
   51            72               12552            140.03
   52            71               12406            140.10
   53            72               12850            140.01
   54            67               12648            139.88
   55            63               13016            139.88
#Date: THU JUL 07 13:19:12 2005

