#Tube no.   Tube coarse gain   Tube fine gain   Tube spect. peak
    1            72               14300            144.73
    2            65               16258            145.20
    3            98               12364            143.41
    4           108               12452            144.43
    5           100               12637            143.79
    6            52               16487            145.39
    7            57               14279            144.74
    8            54               15396            143.42
    9            52               14688            143.18
   10            64               14967            143.89
   11            60               14296            144.50
   12            60               16130            146.37
   13           100               12341            144.54
   14            94               12737            143.37
   15            95               12871            142.68
   16            85               16328            145.53
   17            73               14475            144.60
   18            77               15230            144.43
   19            61               14666            144.49
   20            68               15094            145.20
   21            66               13311            140.13
   22            73               13085            140.27
   23            58               14447            144.91
   24            72               14281            143.78
   25            62               13304            140.32
   26            68               13405            140.04
   27            64               13433            139.97
   28            77               13212            139.84
   29            66               13132            139.87
   30            65               13192            140.03
   31            56               14381            144.54
   32            59               14206            144.48
   33            63               12895            140.01
   34            62               13216            140.10
   35            61               13333            140.32
   36            82               12798            140.26
   37            79               12813            140.42
   38            66               13188            140.37
   39            62               13364            140.31
   40            71               12795            140.24
   41            69               12633            140.02
   42            65               12995            139.82
   43            69               12941            139.97
   44            62               13271            140.41
   45            65               13268            140.29
   46            62               13244            140.05
   47            62               13112            140.34
   48            70               12745            140.04
   49            71               12847            140.27
   50            71               12708            140.03
   51            66               13158            140.03
   52            59               12946            140.23
   53            65               12952            140.06
   54            70               13155            140.09
   55            67               13002            139.90
#Date: FRI JUL 08 13:17:43 2005

