#Tube no.   Tube coarse gain   Tube fine gain   Tube spect. peak
    1            65               14291            144.96
    2            59               16408            145.32
    3            62               12400            143.49
    4            91               12634            143.15
    5            63               12200            144.41
    6            51               16473            145.47
    7            54               14397            144.37
    8            65               15192            144.40
    9            63               14804            143.38
   10            61               15444            144.22
   11            67               14167            145.30
   12            56               16373            145.82
   13            61               12527            143.69
   14            64               12817            144.13
   15            98               12623            144.13
   16            53               16284            145.78
   17            60               14507            144.84
   18            65               14886            144.92
   19            60               14609            144.70
   20            64               15324            144.91
   21            64               13057            140.01
   22            61               12941            140.16
   23            50               14251            143.88
   24            54               14232            144.23
   25            72               13071            139.95
   26            69               12952            139.97
   27            70               13131            140.12
   28            66               12906            139.97
   29            67               13254            140.02
   30            64               13120            139.92
   31            61               14222            144.23
   32            55               14155            143.82
   33            77               13205            139.83
   34            71               13193            139.87
   35            65               12870            140.01
   36            55               12829            140.00
   37            80               12566            140.00
   38            66               12613            139.99
   39            66               12986            139.78
   40            63               13114            140.37
   41            63               13015            140.06
   42            67               12784            140.02
   43            64               12886            140.01
   44            57               12863            139.85
   45            74               13150            139.88
   46            69               12854            140.07
   47            69               12716            139.94
   48            60               12569            139.87
   49            69               12814            140.29
   50            70               12581            139.83
   51            61               12953            139.92
   52            72               12718            139.81
   53            74               13060            139.84
   54            65               12845            139.97
   55            68               12957            139.88
#Date: MON JAN 24 17:13:15 2005

