#Tube no.   Tube coarse gain   Tube fine gain   Tube spect. peak
    1            59               13509            144.53
    2            59               14980            146.49
    3           116               11785            144.32
    4            99               11908            143.20
    5           110               11562            144.27
    6            58               14993            145.41
    7            59               13345            144.42
    8            61               13808            144.11
    9            52               13694            143.35
   10            57               14085            143.34
   11            54               13277            143.11
   12            71               14965            145.56
   13           112               11847            145.06
   14           129               12269            144.33
   15            91               11965            144.20
   16            65               14670            146.30
   17            67               13305            145.26
   18            59               13978            144.55
   19            55               13936            144.53
   20            57               13727            144.59
   21            84               12042            139.63
   22            70               12181            139.58
   23            70               12849            143.56
   24            62               13198            144.12
   25            65               11832            139.60
   26            66               11861            139.72
   27            65               12050            139.70
   28            68               12191            140.18
   29            65               11928            139.72
   30            62               12072            140.22
   31            57               13001            144.61
   32            89               12617            144.65
   33            83               11936            140.24
   34            61               12414            140.24
   35            67               12099            140.19
   36            64               12187            139.78
   37            63               12028            139.74
   38            66               12009            139.78
   39            85               11984            139.69
   40            80               12007            139.68
   41            81               12093            140.19
   42            83               12007            139.76
   43            71               11439            140.22
   44            69               11856            139.75
   45            68               12178            140.17
   46            63               12076            140.21
   47            68               11735            139.78
   48            86               11972            139.73
   49            75               11643            139.67
   50            71               11711            139.71
   51            74               11923            139.72
   52            73               11743            139.81
   53            75               11836            140.33
   54            70               11761            139.69
   55            66               11922            139.82
#Date: MON SEP 12 14:04:12 2005

