#Tube no.   Tube coarse gain   Tube fine gain   Tube spect. peak
    1            75               13892            144.82
    2            70               15375            145.16
    3           101               12223            143.04
    4           114               11993            144.23
    5           104               12396            143.40
    6            55               15825            145.33
    7            59               13793            144.75
    8            57               14599            143.21
    9            55               13983            142.67
   10            68               14084            143.78
   11            62               13843            144.39
   12            63               15550            146.70
   13           106               11760            145.25
   14           101               11942            143.49
   15           100               12174            142.41
   16            91               15345            146.12
   17            77               13796            145.22
   18            82               14533            144.16
   19            64               14164            144.27
   20            73               14268            145.17
   21            71               12576            140.24
   22            79               12326            139.91
   23            63               13455            144.51
   24            76               13849            143.76
   25            66               12772            140.27
   26            71               13004            139.80
   27            68               12873            139.94
   28            83               12705            139.75
   29            68               12915            140.19
   30            69               12629            140.31
   31            58               13962            144.56
   32            61               13775            144.45
   33            67               12310            139.92
   34            64               13069            139.96
   35            66               12595            140.21
   36            85               12677            139.96
   37            83               12452            140.26
   38            70               12675            140.27
   39            66               12805            140.30
   40            74               12573            139.73
   41            72               12368            139.85
   42            70               12389            140.30
   43            73               12586            140.18
   44            66               12815            140.30
   45            68               12960            140.21
   46            67               12530            140.26
   47            65               12802            139.78
   48            76               12140            140.38
   49            76               12269            140.23
   50            75               12329            139.87
   51            70               12583            139.98
   52            63               12477            139.90
   53            68               12671            139.84
   54            74               12745            139.77
   55            72               12437            139.81
#Date: THU AUG 18 22:23:47 2005

