#Tube no.   Tube coarse gain   Tube fine gain   Tube spect. peak
    1            60               10888            117.78
    2            59               10888            120.75
    3           115               10888            121.83
    4            95               10888            122.88
    5           105               10888            122.12
    6            57               10888            120.26
    7            57               10888            117.43
    8            62               10888            118.85
    9            50               10888            118.92
   10            55               10888            117.89
   11            53               10888            115.68
   12            67               10888            119.05
   13           107               10888            120.89
   14           126               10888            122.57
   15            91               10888            121.68
   16            64               10888            119.70
   17            68               10888            115.65
   18            60               10888            117.92
   19            54               10888            118.67
   20            57               10888            118.93
   21            82               10888            118.60
   22            67               10888            119.81
   23            67               10888            123.05
   24            61               10888            123.11
   25            63               10888            121.05
   26            63               10888            118.35
   27            64               10888            120.21
   28            69               10888            119.80
   29            65               10888            117.73
   30            61               10888            119.98
   31            55               10888            123.50
   32            86               10888            123.95
   33            81               10888            120.47
   34            61               10888            116.70
   35            66               10888            119.39
   36            62               10888            118.98
   37            62               10888            122.79
   38            63               10888            122.38
   39            82               10888            121.09
   40            78               10888            121.70
   41            78               10888            122.26
   42            82               10888            123.54
   43            71               10888            123.70
   44            66               10888            123.48
   45            67               10888            120.52
   46            62               10888            122.78
   47            66               10888            123.29
   48            84               10888            122.76
   49            73               10888            123.50
   50            68               10888            123.69
   51            72               10888            123.46
   52            70               10888            123.74
   53            72               10888            123.38
   54            69               10888            123.83
   55            64               10888            122.93
#Date: WED JUL 06 20:57:38 2005

