#Tube no.   Tube coarse gain   Tube fine gain   Tube spect. peak
    1            64               14358            145.82
    2            52               16638            146.26
    3            88               12476            143.37
    4            92               12028            143.33
    5            82               12253            142.90
    6            48               16347            144.99
    7            79               14339            143.79
    8            66               15257            143.86
    9            61               14582            143.27
   10            62               15048            144.11
   11            60               13940            143.79
   12            54               16617            144.89
   13            80               12668            143.63
   14            83               12688            143.82
   15            87               12484            143.36
   16            59               16277            146.34
   17            55               14497            145.41
   18            57               15508            144.53
   19            53               15016            144.65
   20            51               15226            145.15
   21            67               13681            139.86
   22            71               13574            139.86
   23            61               14317            143.74
   24            55               14410            143.28
   25            87               12996            139.79
   26            87               12836            139.63
   27            78               13060            139.67
   28            79               12840            139.87
   29            67               13043            139.62
   30            73               13026            139.81
   31            55               14415            143.22
   32            55               13979            143.84
   33            85               13186            139.90
   34            70               13231            139.67
   35            63               13421            139.76
   36            59               13411            139.93
   37            60               13242            139.87
   38            58               12925            139.84
   39            62               13156            139.79
   40            55               13224            139.82
   41            94               12978            139.88
   42            69               12899            139.91
   43            65               12726            139.71
   44            63               12837            139.67
   45            65               13244            139.76
   46            65               13051            139.80
   47            71               13194            139.75
   48            74               13014            139.70
   49            68               13176            139.80
   50            68               13227            139.81
   51            66               13138            139.81
   52            65               12988            139.66
   53            58               13094            139.87
   54            64               13088            139.91
   55            63               12875            139.78
#Date: MON JAN 31 17:28:37 2005

