#Tube no.   Tube coarse gain   Tube fine gain   Tube spect. peak
    1            86               10888            140.00
    2            75               10888            140.00
    3           102               10888            140.00
    4           149               10888            140.00
    5            90               10888            140.00
    6            70               10888            140.00
    7            73               10888            140.00
    8            72               10888            140.00
    9            59               10888            140.00
   10            56               10888            140.00
   11            58               10888            140.00
   12            66               10888            140.00
   13           131               10888            140.00
   14           103               10888            140.00
   15           121               10888            140.00
   16            63               10888            140.00
   17            64               10888            140.00
   18            59               10888            140.00
   19            61               10888            140.00
   20            60               10888            140.00
   21            82               10888            140.00
   22            71               10888            140.00
   23            63               10888            140.00
   24            67               10888            140.00
   25            80               10888            140.00
   26            71               10888            140.00
   27            71               10888            140.00
   28            71               10888            140.00
   29            85               10888            140.00
   30            72               10888            140.00
   31            70               10888            140.00
   32            66               10888            140.00
   33            69               10888            140.00
   34            90               10888            140.00
   35            89               10888            140.00
   36            85               10888            140.00
   37            86               10888            140.00
   38            81               10888            140.00
   39            80               10888            140.00
   40            76               10888            140.00
   41            77               10888            140.00
   42            75               10888            140.00
   43            92               10888            140.00
   44            87               10888            140.00
   45            83               10888            140.00
   46            82               10888            140.00
   47            77               10888            140.00
   48            79               10888            140.00
   49            76               10888            140.00
   50            79               10888            140.00
   51            69               10888            140.00
   52            80               10888            140.00
   53            84               10888            140.00
   54            75               10888            140.00
   55            83               10888            140.00
#Date: TUE APR 19 20:14:21 2005

