#Tube no.   Tube coarse gain   Tube fine gain   Tube spect. peak
    1            59               13443            144.53
    2            59               14990            146.49
    3           116               11635            144.32
    4            99               11314            143.20
    5           110               11020            144.27
    6            58               15012            145.41
    7            59               13223            144.42
    8            61               13847            144.11
    9            52               13792            143.35
   10            57               14076            143.34
   11            54               13043            143.11
   12            71               15207            145.56
   13           112               11652            145.06
   14           129               12003            144.33
   15            91               11569            144.20
   16            65               14437            146.30
   17            67               13235            145.26
   18            59               14200            144.55
   19            55               13970            144.53
   20            57               13504            144.59
   21            84               12368            139.63
   22            70               12212            139.58
   23            70               12357            143.56
   24            62               13345            144.12
   25            65               11895            139.60
   26            66               11939            139.72
   27            65               12253            139.70
   28            68               12400            140.18
   29            65               12146            139.72
   30            62               12329            140.22
   31            57               13230            144.61
   32            89               12664            144.65
   33            83               12116            140.24
   34            61               12695            140.24
   35            67               12205            140.19
   36            64               12384            139.78
   37            63               12488            139.74
   38            66               12158            139.78
   39            85               12189            139.69
   40            80               12277            139.68
   41            81               12094            140.19
   42            83               12150            139.76
   43            71               11394            140.22
   44            69               11724            139.75
   45            68               12294            140.17
   46            63               12271            140.21
   47            68               11923            139.78
   48            86               12010            139.73
   49            75               11882            139.67
   50            71               11905            139.71
   51            74               12046            139.72
   52            73               11723            139.81
   53            75               12155            140.33
   54            70               11902            139.69
   55            66               11888            139.82
#Date: TUE JAN 10 15:05:05 2006

