#Tube no.   Tube coarse gain   Tube fine gain   Tube spect. peak
    1            75               13669            144.82
    2            70               15408            145.16
    3           101               12385            143.04
    4           114               12402            144.23
    5           104               11961            143.40
    6            55               16156            145.33
    7            59               13580            144.75
    8            57               14318            143.21
    9            55               13123            142.67
   10            68               14023            143.78
   11            62               13382            144.39
   12            63               14941            146.70
   13           106               11372            145.25
   14           101               11533            143.49
   15           100               10120            142.41
   16            91               14598            146.12
   17            77               13261            145.22
   18            82               14378            144.16
   19            64               14141            144.27
   20            73               14322            145.17
   21            71               13062            140.24
   22            79               13008            139.91
   23            63               14170            144.51
   24            76               14594            143.76
   25            66               13562            140.27
   26            71               13032            139.80
   27            68               13159            139.94
   28            83               12671            139.75
   29            68               13006            140.19
   30            69               12897            140.31
   31            58               13831            144.56
   32            61               13995            144.45
   33            67               13102            139.92
   34            64               13882            139.96
   35            66               13163            140.21
   36            85               13209            139.96
   37            83               12664            140.26
   38            70               13326            140.27
   39            66               13731            140.30
   40            74               13369            139.73
   41            72               12755            139.85
   42            70               13022            140.30
   43            73               13446            140.18
   44            66               13636            140.30
   45            68               13566            140.21
   46            67               13312            140.26
   47            65               13424            139.78
   48            76               12892            140.38
   49            76               12919            140.23
   50            75               13079            139.87
   51            70               13292            139.98
   52            63               12895            139.90
   53            68               12919            139.84
   54            74               13441            139.77
   55            72               12782            139.81
#Date: FRI SEP 01 14:15:31 2006

