#Tube no.   Tube coarse gain   Tube fine gain   Tube spect. peak
    1            75               13760            144.82
    2            70               15777            145.16
    3           101               12448            143.04
    4           114               12455            144.23
    5           104               11538            143.40
    6            55               16256            145.33
    7            59               13548            144.75
    8            57               14354            143.21
    9            55               13113            142.67
   10            68               14317            143.78
   11            62               13434            144.39
   12            63               15205            146.70
   13           106               11425            145.25
   14           101               11453            143.49
   15           100                9437            142.41
   16            91               14812            146.12
   17            77               13285            145.22
   18            82               14695            144.16
   19            64               14254            144.27
   20            73               14454            145.17
   21            71               13516            140.24
   22            79               13569            139.91
   23            63               14392            144.51
   24            76               15056            143.76
   25            66               14147            140.27
   26            71               13240            139.80
   27            68               13455            139.94
   28            83               12585            139.75
   29            68               13648            140.19
   30            69               13546            140.31
   31            58               14167            144.56
   32            61               14578            144.45
   33            67               13858            139.92
   34            64               14428            139.96
   35            66               13347            140.21
   36            85               13652            139.96
   37            83               12836            140.26
   38            70               13695            140.27
   39            66               14316            140.30
   40            74               13905            139.73
   41            72               13132            139.85
   42            70               13348            140.30
   43            73               13727            140.18
   44            66               14079            140.30
   45            68               13985            140.21
   46            67               13714            140.26
   47            65               13751            139.78
   48            76               13150            140.38
   49            76               13339            140.23
   50            75               13441            139.87
   51            70               13529            139.98
   52            63               13029            139.90
   53            68               12893            139.84
   54            74               13671            139.77
   55            72               12806            139.81
#Date: FRI NOV 30 16:57:41 2007

