#Tube no.   Tube coarse gain   Tube fine gain   Tube spect. peak
    1            75               13723            144.82
    2            70               15524            145.16
    3           101               12432            143.04
    4           114               12402            144.23
    5           104               11692            143.40
    6            55               16139            145.33
    7            59               13519            144.75
    8            57               14373            143.21
    9            55               13075            142.67
   10            68               14091            143.78
   11            62               13422            144.39
   12            63               15007            146.70
   13           106               11362            145.25
   14           101               11500            143.49
   15           100                9818            142.41
   16            91               14624            146.12
   17            77               13280            145.22
   18            82               14533            144.16
   19            64               14162            144.27
   20            73               14388            145.17
   21            71               13223            140.24
   22            79               13241            139.91
   23            63               14255            144.51
   24            76               14829            143.76
   25            66               13845            140.27
   26            71               13138            139.80
   27            68               13293            139.94
   28            83               12682            139.75
   29            68               13288            140.19
   30            69               13177            140.31
   31            58               13991            144.56
   32            61               14251            144.45
   33            67               13415            139.92
   34            64               14098            139.96
   35            66               13245            140.21
   36            85               13418            139.96
   37            83               12685            140.26
   38            70               13492            140.27
   39            66               13951            140.30
   40            74               13582            139.73
   41            72               12943            139.85
   42            70               13159            140.30
   43            73               13554            140.18
   44            66               13802            140.30
   45            68               13704            140.21
   46            67               13463            140.26
   47            65               13642            139.78
   48            76               13007            140.38
   49            76               13091            140.23
   50            75               13259            139.87
   51            70               13367            139.98
   52            63               12979            139.90
   53            68               12881            139.84
   54            74               13583            139.77
   55            72               12862            139.81
#Date: THU FEB 01 14:00:17 2007

