#Tube no.   Tube coarse gain   Tube fine gain   Tube spect. peak
    1            75               13718            144.82
    2            70               15909            145.16
    3           101               12526            143.04
    4           114               12511            144.23
    5           104               11406            143.40
    6            55               16279            145.33
    7            59               13493            144.75
    8            57               14364            143.21
    9            55               13128            142.67
   10            68               14379            143.78
   11            62               13431            144.39
   12            63               15270            146.70
   13           106               11418            145.25
   14           101               11414            143.49
   15           100                9236            142.41
   16            91               14826            146.12
   17            77               13256            145.22
   18            82               14786            144.16
   19            64               14252            144.27
   20            73               14513            145.17
   21            71               13624            140.24
   22            79               13698            139.91
   23            63               14378            144.51
   24            76               15225            143.76
   25            66               14297            140.27
   26            71               13245            139.80
   27            68               13518            139.94
   28            83               12578            139.75
   29            68               13803            140.19
   30            69               13729            140.31
   31            58               14267            144.56
   32            61               14788            144.45
   33            67               14085            139.92
   34            64               14582            139.96
   35            66               13390            140.21
   36            85               13782            139.96
   37            83               12868            140.26
   38            70               13852            140.27
   39            66               14494            140.30
   40            74               14017            139.73
   41            72               13232            139.85
   42            70               13405            140.30
   43            73               13833            140.18
   44            66               14231            140.30
   45            68               14100            140.21
   46            67               13898            140.26
   47            65               13896            139.78
   48            76               13224            140.38
   49            76               13419            140.23
   50            75               13569            139.87
   51            70               13598            139.98
   52            63               13054            139.90
   53            68               13012            139.84
   54            74               13771            139.77
   55            72               12764            139.81
#Date: THU JUN 26 12:29:01 2008

