#Tube no.   Tube coarse gain   Tube fine gain   Tube spect. peak
    1            59               13510            144.53
    2            59               15188            146.49
    3           116               11752            144.32
    4            99               10191            143.20
    5           110                9793            144.27
    6            58               15429            145.41
    7            59               13025            144.42
    8            61               14010            144.11
    9            52               14405            143.35
   10            57               14385            143.34
   11            54               12867            143.11
   12            71               15980            145.56
   13           112               11516            145.06
   14           129               12263            144.33
   15            91               11222            144.20
   16            65               14495            146.30
   17            67               13070            145.26
   18            59               14843            144.55
   19            55               14496            144.53
   20            57               13359            144.59
   21            84               13488            139.63
   22            70               12709            139.58
   23            70               11693            143.56
   24            62               13990            144.12
   25            65               12404            139.60
   26            66               12367            139.72
   27            65               13427            139.70
   28            68               13512            140.18
   29            65               13421            139.72
   30            62               13474            140.22
   31            57               14075            144.61
   32            89               13569            144.65
   33            83               13034            140.24
   34            61               13427            140.24
   35            67               12755            140.19
   36            64               13316            139.78
   37            63               13619            139.74
   38            66               13055            139.78
   39            85               13070            139.69
   40            80               13215            139.68
   41            81               12542            140.19
   42            83               13269            139.76
   43            71               11088            140.22
   44            69               11938            139.75
   45            68               12939            140.17
   46            63               13238            140.21
   47            68               12503            139.78
   48            86               11977            139.73
   49            75               12724            139.67
   50            71               12557            139.71
   51            74               12431            139.72
   52            73               11986            139.81
   53            75               13088            140.33
   54            70               12459            139.69
   55            66               12221            139.82
#Date: FRI JAN 18 15:04:29 2008

