#Tube no.   Tube coarse gain   Tube fine gain   Tube spect. peak
    1            75               13772            144.82
    2            70               16025            145.16
    3           101               12520            143.04
    4           114               12600            144.23
    5           104               11304            143.40
    6            55               16216            145.33
    7            59               13508            144.75
    8            57               14345            143.21
    9            55               13129            142.67
   10            68               14404            143.78
   11            62               13466            144.39
   12            63               15307            146.70
   13           106               11402            145.25
   14           101               11391            143.49
   15           100                8996            142.41
   16            91               14778            146.12
   17            77               13200            145.22
   18            82               14837            144.16
   19            64               14251            144.27
   20            73               14432            145.17
   21            71               13635            140.24
   22            79               13845            139.91
   23            63               14356            144.51
   24            76               15333            143.76
   25            66               14417            140.27
   26            71               13234            139.80
   27            68               13569            139.94
   28            83               12442            139.75
   29            68               13829            140.19
   30            69               13847            140.31
   31            58               14262            144.56
   32            61               14879            144.45
   33            67               14195            139.92
   34            64               14664            139.96
   35            66               13350            140.21
   36            85               13811            139.96
   37            83               12857            140.26
   38            70               13890            140.27
   39            66               14564            140.30
   40            74               14076            139.73
   41            72               13262            139.85
   42            70               13314            140.30
   43            73               13819            140.18
   44            66               14205            140.30
   45            68               14139            140.21
   46            67               13980            140.26
   47            65               13897            139.78
   48            76               13209            140.38
   49            76               13403            140.23
   50            75               13524            139.87
   51            70               13515            139.98
   52            63               12988            139.90
   53            68               12912            139.84
   54            74               13804            139.77
   55            72               12625            139.81
#Date: FRI MAR 06 13:46:27 2009

