#Tube no.   Tube coarse gain   Tube fine gain   Tube spect. peak
    1            59               13764            144.53
    2            59               15477            146.49
    3           116               12181            144.32
    4            99               10154            143.20
    5           110                9478            144.27
    6            58               15894            145.41
    7            59               13510            144.42
    8            61               14144            144.11
    9            52               14761            143.35
   10            57               14570            143.34
   11            54               13018            143.11
   12            71               16332            145.56
   13           112               11557            145.06
   14           129               12727            144.33
   15            91               11489            144.20
   16            65               14661            146.30
   17            67               13199            145.26
   18            59               15185            144.55
   19            55               14864            144.53
   20            57               13312            144.59
   21            84               13902            139.63
   22            70               12844            139.58
   23            70               11412            143.56
   24            62               14361            144.12
   25            65               12475            139.60
   26            66               12656            139.72
   27            65               13927            139.70
   28            68               13957            140.18
   29            65               13936            139.72
   30            62               13766            140.22
   31            57               14550            144.61
   32            89               14044            144.65
   33            83               13330            140.24
   34            61               13630            140.24
   35            67               12890            140.19
   36            64               13713            139.78
   37            63               14040            139.74
   38            66               13470            139.78
   39            85               13463            139.69
   40            80               13533            139.68
   41            81               12705            140.19
   42            83               13727            139.76
   43            71               11015            140.22
   44            69               12118            139.75
   45            68               12956            140.17
   46            63               13680            140.21
   47            68               12647            139.78
   48            86               11826            139.73
   49            75               13206            139.67
   50            71               12709            139.71
   51            74               12538            139.72
   52            73               12091            139.81
   53            75               13610            140.33
   54            70               12596            139.69
   55            66               12497            139.82
#Date: WED SEP 23 21:02:03 2009

