#Tube no.   Tube coarse gain   Tube fine gain   Tube spect. peak
    1            59               13856            144.53
    2            59               15550            146.49
    3           116               12315            144.32
    4            99               10212            143.20
    5           110                9417            144.27
    6            58               16044            145.41
    7            59               13581            144.42
    8            61               14207            144.11
    9            52               14958            143.35
   10            57               14666            143.34
   11            54               13049            143.11
   12            71               16446            145.56
   13           112               11653            145.06
   14           129               12951            144.33
   15            91               11610            144.20
   16            65               14745            146.30
   17            67               13306            145.26
   18            59               15273            144.55
   19            55               14965            144.53
   20            57               13331            144.59
   21            84               14029            139.63
   22            70               12858            139.58
   23            70               11344            143.56
   24            62               14433            144.12
   25            65               12551            139.60
   26            66               12656            139.72
   27            65               13979            139.70
   28            68               14000            140.18
   29            65               14036            139.72
   30            62               13794            140.22
   31            57               14604            144.61
   32            89               14084            144.65
   33            83               13339            140.24
   34            61               13723            140.24
   35            67               12967            140.19
   36            64               13777            139.78
   37            63               14145            139.74
   38            66               13590            139.78
   39            85               13534            139.69
   40            80               13672            139.68
   41            81               12664            140.19
   42            83               13864            139.76
   43            71               10977            140.22
   44            69               12142            139.75
   45            68               13065            140.17
   46            63               13788            140.21
   47            68               12697            139.78
   48            86               11832            139.73
   49            75               13268            139.67
   50            71               12753            139.71
   51            74               12575            139.72
   52            73               12109            139.81
   53            75               13677            140.33
   54            70               12645            139.69
   55            66               12550            139.82
#Date: TUE FEB 16 19:22:31 2010

