#Tube no.   Tube coarse gain   Tube fine gain   Tube spect. peak
    1            75               13801            144.82
    2            70               16226            145.16
    3           101               12685            143.04
    4           114               12823            144.23
    5           104               11238            143.40
    6            55               16354            145.33
    7            59               13672            144.75
    8            57               14542            143.21
    9            55               13188            142.67
   10            68               14558            143.78
   11            62               13661            144.39
   12            63               15304            146.70
   13           106               11568            145.25
   14           101               11476            143.49
   15           100                8777            142.41
   16            91               14638            146.12
   17            77               13308            145.22
   18            82               15127            144.16
   19            64               14298            144.27
   20            73               14576            145.17
   21            71               13747            140.24
   22            79               13939            139.91
   23            63               14430            144.51
   24            76               15665            143.76
   25            66               14653            140.27
   26            71               13250            139.80
   27            68               13723            139.94
   28            83               12189            139.75
   29            68               13924            140.19
   30            69               14057            140.31
   31            58               14333            144.56
   32            61               15212            144.45
   33            67               14369            139.92
   34            64               14856            139.96
   35            66               13371            140.21
   36            85               13927            139.96
   37            83               12790            140.26
   38            70               14015            140.27
   39            66               14745            140.30
   40            74               14304            139.73
   41            72               13426            139.85
   42            70               13416            140.30
   43            73               13951            140.18
   44            66               14440            140.30
   45            68               14298            140.21
   46            67               14300            140.26
   47            65               14143            139.78
   48            76               13312            140.38
   49            76               13511            140.23
   50            75               13652            139.87
   51            70               13545            139.98
   52            63               13193            139.90
   53            68               13048            139.84
   54            74               14077            139.77
   55            72               12583            139.81
#Date: FRI OCT 01 15:09:00 2010

