#Tube no.   Tube coarse gain   Tube fine gain   Tube spect. peak
    1            59               13865            144.53
    2            59               15510            146.49
    3           116               12379            144.32
    4            99               10235            143.20
    5           110                9433            144.27
    6            58               15945            145.41
    7            59               13598            144.42
    8            61               14090            144.11
    9            52               14864            143.35
   10            57               14604            143.34
   11            54               13027            143.11
   12            71               16300            145.56
   13           112               11632            145.06
   14           129               12970            144.33
   15            91               11521            144.20
   16            65               14607            146.30
   17            67               13168            145.26
   18            59               15300            144.55
   19            55               14888            144.53
   20            57               13231            144.59
   21            84               14038            139.63
   22            70               12774            139.58
   23            70               11285            143.56
   24            62               14264            144.12
   25            65               12458            139.60
   26            66               12605            139.72
   27            65               13952            139.70
   28            68               13959            140.18
   29            65               14036            139.72
   30            62               13736            140.22
   31            57               14512            144.61
   32            89               14184            144.65
   33            83               13346            140.24
   34            61               13606            140.24
   35            67               12892            140.19
   36            64               13777            139.78
   37            63               14052            139.74
   38            66               13541            139.78
   39            85               13482            139.69
   40            80               13579            139.68
   41            81               12696            140.19
   42            83               13849            139.76
   43            71               10777            140.22
   44            69               12070            139.75
   45            68               12979            140.17
   46            63               13755            140.21
   47            68               12601            139.78
   48            86               11793            139.73
   49            75               13224            139.67
   50            71               12656            139.71
   51            74               12507            139.72
   52            73               12025            139.81
   53            75               13611            140.33
   54            70               12593            139.69
   55            66               12476            139.82
#Date: FRI MAR 05 15:34:10 2010

