#Tube no.   Tube coarse gain   Tube fine gain   Tube spect. peak
    1            59               14136            144.53
    2            59               16025            146.49
    3           116               12868            144.32
    4            99               10311            143.20
    5           110                9339            144.27
    6            58               16349            145.41
    7            59               13965            144.42
    8            61               14405            144.11
    9            52               15237            143.35
   10            57               14869            143.34
   11            54               13360            143.11
   12            71               16783            145.56
   13           112               11804            145.06
   14           129               13523            144.33
   15            91               12030            144.20
   16            65               15061            146.30
   17            67               13397            145.26
   18            59               15588            144.55
   19            55               15361            144.53
   20            57               13382            144.59
   21            84               14356            139.63
   22            70               13067            139.58
   23            70               11213            143.56
   24            62               14617            144.12
   25            65               12642            139.60
   26            66               12815            139.72
   27            65               14248            139.70
   28            68               14377            140.18
   29            65               14510            139.72
   30            62               14072            140.22
   31            57               14993            144.61
   32            89               14627            144.65
   33            83               13680            140.24
   34            61               13950            140.24
   35            67               13075            140.19
   36            64               14127            139.78
   37            63               14481            139.74
   38            66               13913            139.78
   39            85               13767            139.69
   40            80               13876            139.68
   41            81               12813            140.19
   42            83               14236            139.76
   43            71               10857            140.22
   44            69               12353            139.75
   45            68               13213            140.17
   46            63               14297            140.21
   47            68               12904            139.78
   48            86               11832            139.73
   49            75               13629            139.67
   50            71               12885            139.71
   51            74               12643            139.72
   52            73               12161            139.81
   53            75               14084            140.33
   54            70               12806            139.69
   55            66               12846            139.82
#Date: MON SEP 12 18:46:12 2011

