#Tube no.   Tube coarse gain   Tube fine gain   Tube spect. peak
    1            59               14086            144.53
    2            59               15842            146.49
    3           116               12724            144.32
    4            99               10337            143.20
    5           110                9380            144.27
    6            58               16253            145.41
    7            59               13899            144.42
    8            61               14287            144.11
    9            52               15257            143.35
   10            57               14861            143.34
   11            54               13293            143.11
   12            71               16580            145.56
   13           112               11838            145.06
   14           129               13399            144.33
   15            91               11880            144.20
   16            65               14983            146.30
   17            67               13307            145.26
   18            59               15543            144.55
   19            55               15166            144.53
   20            57               13367            144.59
   21            84               14305            139.63
   22            70               13025            139.58
   23            70               11275            143.56
   24            62               14589            144.12
   25            65               12640            139.60
   26            66               12806            139.72
   27            65               14228            139.70
   28            68               14274            140.18
   29            65               14513            139.72
   30            62               14004            140.22
   31            57               14923            144.61
   32            89               14573            144.65
   33            83               13647            140.24
   34            61               13813            140.24
   35            67               13076            140.19
   36            64               14144            139.78
   37            63               14376            139.74
   38            66               13853            139.78
   39            85               13704            139.69
   40            80               13804            139.68
   41            81               12815            140.19
   42            83               14157            139.76
   43            71               10811            140.22
   44            69               12265            139.75
   45            68               13214            140.17
   46            63               14186            140.21
   47            68               12829            139.78
   48            86               11825            139.73
   49            75               13541            139.67
   50            71               12839            139.71
   51            74               12631            139.72
   52            73               12102            139.81
   53            75               13990            140.33
   54            70               12786            139.69
   55            66               12704            139.82
#Date: TUE MAR 15 16:46:21 2011

