#Tube no.   Tube coarse gain   Tube fine gain   Tube spect. peak
    1            59               14112            144.53
    2            59               16025            146.49
    3           116               12922            144.32
    4            99               10315            143.20
    5           110                9362            144.27
    6            58               16378            145.41
    7            59               13985            144.42
    8            61               14424            144.11
    9            52               15280            143.35
   10            57               14911            143.34
   11            54               13397            143.11
   12            71               16823            145.56
   13           112               11811            145.06
   14           129               13488            144.33
   15            91               12043            144.20
   16            65               15083            146.30
   17            67               13402            145.26
   18            59               15639            144.55
   19            55               15327            144.53
   20            57               13399            144.59
   21            84               14353            139.63
   22            70               13055            139.58
   23            70               11219            143.56
   24            62               14629            144.12
   25            65               12667            139.60
   26            66               12869            139.72
   27            65               14311            139.70
   28            68               14402            140.18
   29            65               14530            139.72
   30            62               14082            140.22
   31            57               15027            144.61
   32            89               14677            144.65
   33            83               13727            140.24
   34            61               13863            140.24
   35            67               13080            140.19
   36            64               14198            139.78
   37            63               14458            139.74
   38            66               13921            139.78
   39            85               13815            139.69
   40            80               13940            139.68
   41            81               12815            140.19
   42            83               14262            139.76
   43            71               10854            140.22
   44            69               12340            139.75
   45            68               13216            140.17
   46            63               14315            140.21
   47            68               12874            139.78
   48            86               11770            139.73
   49            75               13631            139.67
   50            71               12863            139.71
   51            74               12632            139.72
   52            73               12218            139.81
   53            75               14088            140.33
   54            70               12789            139.69
   55            66               12826            139.82
#Date: THU SEP 22 15:40:01 2011

