#Tube no.   Tube coarse gain   Tube fine gain   Tube spect. peak
    1            75               14132            144.82
    2            70               16606            145.16
    3           101               13045            143.04
    4           114               13175            144.23
    5           104               11363            143.40
    6            55               16208            145.33
    7            59               14002            144.75
    8            57               14967            143.21
    9            55               13296            142.67
   10            68               14868            143.78
   11            62               14067            144.39
   12            63               15398            146.70
   13           106               11783            145.25
   14           101               11702            143.49
   15           100                8788            142.41
   16            91               14548            146.12
   17            77               13580            145.22
   18            82               15656            144.16
   19            64               14502            144.27
   20            73               15019            145.17
   21            71               13938            140.24
   22            79               14112            139.91
   23            63               14496            144.51
   24            76               16232            143.76
   25            66               15059            140.27
   26            71               13280            139.80
   27            68               13935            139.94
   28            83               12000            139.75
   29            68               14147            140.19
   30            69               14411            140.31
   31            58               14671            144.56
   32            61               15764            144.45
   33            67               14702            139.92
   34            64               15223            139.96
   35            66               13494            140.21
   36            85               14098            139.96
   37            83               12877            140.26
   38            70               14473            140.27
   39            66               15050            140.30
   40            74               14636            139.73
   41            72               13865            139.85
   42            70               13663            140.30
   43            73               14237            140.18
   44            66               14924            140.30
   45            68               14667            140.21
   46            67               14958            140.26
   47            65               14739            139.78
   48            76               13589            140.38
   49            76               13752            140.23
   50            75               13933            139.87
   51            70               13716            139.98
   52            63               13472            139.90
   53            68               13396            139.84
   54            74               14609            139.77
   55            72               12793            139.81
#Date: FRI NOV 02 18:22:12 2012

