#Tube no.   Tube coarse gain   Tube fine gain   Tube spect. peak
    1            59               14200            144.53
    2            59               16157            146.49
    3           116               13070            144.32
    4            99               10394            143.20
    5           110                9370            144.27
    6            58               16503            145.41
    7            59               14083            144.42
    8            61               14422            144.11
    9            52               15427            143.35
   10            57               15035            143.34
   11            54               13451            143.11
   12            71               16906            145.56
   13           112               11982            145.06
   14           129               13720            144.33
   15            91               12124            144.20
   16            65               15025            146.30
   17            67               13426            145.26
   18            59               15738            144.55
   19            55               15364            144.53
   20            57               13452            144.59
   21            84               14527            139.63
   22            70               13153            139.58
   23            70               11138            143.56
   24            62               14732            144.12
   25            65               12656            139.60
   26            66               12870            139.72
   27            65               14413            139.70
   28            68               14533            140.18
   29            65               14779            139.72
   30            62               14106            140.22
   31            57               15081            144.61
   32            89               14822            144.65
   33            83               13838            140.24
   34            61               13967            140.24
   35            67               13164            140.19
   36            64               14272            139.78
   37            63               14565            139.74
   38            66               14068            139.78
   39            85               13838            139.69
   40            80               13962            139.68
   41            81               12884            140.19
   42            83               14461            139.76
   43            71               10780            140.22
   44            69               12352            139.75
   45            68               13340            140.17
   46            63               14505            140.21
   47            68               12962            139.78
   48            86               11850            139.73
   49            75               13719            139.67
   50            71               12924            139.71
   51            74               12682            139.72
   52            73               12212            139.81
   53            75               14200            140.33
   54            70               12827            139.69
   55            66               12955            139.82
#Date: TUE MAR 27 14:34:24 2012

