#Tube no.   Tube coarse gain   Tube fine gain   Tube spect. peak
    1            59               14725            144.53
    2            59               16609            146.49
    3           116               13555            144.32
    4            99               10554            143.20
    5           110                9419            144.27
    6            58               16872            145.41
    7            59               14374            144.42
    8            61               14695            144.11
    9            52               15804            143.35
   10            57               15425            143.34
   11            54               13890            143.11
   12            71               17220            145.56
   13           112               12177            145.06
   14           129               14238            144.33
   15            91               12549            144.20
   16            65               15474            146.30
   17            67               13712            145.26
   18            59               16037            144.55
   19            55               15777            144.53
   20            57               13768            144.59
   21            84               14863            139.63
   22            70               13426            139.58
   23            70               11235            143.56
   24            62               15024            144.12
   25            65               12949            139.60
   26            66               13092            139.72
   27            65               14799            139.70
   28            68               14956            140.18
   29            65               15319            139.72
   30            62               14404            140.22
   31            57               15436            144.61
   32            89               15219            144.65
   33            83               14143            140.24
   34            61               14298            140.24
   35            67               13411            140.19
   36            64               14716            139.78
   37            63               15025            139.74
   38            66               14506            139.78
   39            85               14130            139.69
   40            80               14281            139.68
   41            81               13078            140.19
   42            83               14812            139.76
   43            71               10956            140.22
   44            69               12593            139.75
   45            68               13641            140.17
   46            63               14935            140.21
   47            68               13268            139.78
   48            86               11943            139.73
   49            75               14089            139.67
   50            71               13164            139.71
   51            74               12870            139.72
   52            73               12417            139.81
   53            75               14597            140.33
   54            70               12982            139.69
   55            66               13292            139.82
#Date: FRI APR 05 17:42:28 2013

