#Tube no.   Tube coarse gain   Tube fine gain   Tube spect. peak
    1            59               14787            144.53
    2            59               16707            146.49
    3           116               13807            144.32
    4            99               10611            143.20
    5           110                9417            144.27
    6            58               16952            145.41
    7            59               14376            144.42
    8            61               14755            144.11
    9            52               15937            143.35
   10            57               15498            143.34
   11            54               14018            143.11
   12            71               17390            145.56
   13           112               12139            145.06
   14           129               14448            144.33
   15            91               12791            144.20
   16            65               15589            146.30
   17            67               13828            145.26
   18            59               16128            144.55
   19            55               15923            144.53
   20            57               13816            144.59
   21            84               14945            139.63
   22            70               13536            139.58
   23            70               11186            143.56
   24            62               15109            144.12
   25            65               12964            139.60
   26            66               13173            139.72
   27            65               14863            139.70
   28            68               15138            140.18
   29            65               15471            139.72
   30            62               14532            140.22
   31            57               15598            144.61
   32            89               15354            144.65
   33            83               14240            140.24
   34            61               14359            140.24
   35            67               13489            140.19
   36            64               14865            139.78
   37            63               15127            139.74
   38            66               14646            139.78
   39            85               14161            139.69
   40            80               14405            139.68
   41            81               13154            140.19
   42            83               14949            139.76
   43            71               10962            140.22
   44            69               12691            139.75
   45            68               13738            140.17
   46            63               15100            140.21
   47            68               13390            139.78
   48            86               11947            139.73
   49            75               14277            139.67
   50            71               13267            139.71
   51            74               12924            139.72
   52            73               12495            139.81
   53            75               14791            140.33
   54            70               13081            139.69
   55            66               13403            139.82
#Date: FRI DEC 20 13:50:08 2013

