#Tube no.   Tube coarse gain   Tube fine gain   Tube spect. peak
    1            75               14215            144.82
    2            70               16629            145.16
    3           101               13037            143.04
    4           114               13175            144.23
    5           104               11386            143.40
    6            55               16303            145.33
    7            59               14031            144.75
    8            57               15006            143.21
    9            55               13295            142.67
   10            68               14904            143.78
   11            62               14109            144.39
   12            63               15421            146.70
   13           106               11776            145.25
   14           101               11720            143.49
   15           100                8767            142.41
   16            91               14492            146.12
   17            77               13603            145.22
   18            82               15682            144.16
   19            64               14608            144.27
   20            73               14984            145.17
   21            71               13920            140.24
   22            79               14156            139.91
   23            63               14576            144.51
   24            76               16252            143.76
   25            66               15133            140.27
   26            71               13247            139.80
   27            68               14009            139.94
   28            83               11959            139.75
   29            68               14190            140.19
   30            69               14516            140.31
   31            58               14763            144.56
   32            61               15825            144.45
   33            67               14819            139.92
   34            64               15282            139.96
   35            66               13547            140.21
   36            85               14118            139.96
   37            83               12925            140.26
   38            70               14491            140.27
   39            66               15150            140.30
   40            74               14689            139.73
   41            72               13875            139.85
   42            70               13719            140.30
   43            73               14290            140.18
   44            66               14980            140.30
   45            68               14750            140.21
   46            67               15118            140.26
   47            65               14746            139.78
   48            76               13693            140.38
   49            76               13844            140.23
   50            75               13960            139.87
   51            70               13874            139.98
   52            63               13497            139.90
   53            68               13544            139.84
   54            74               14719            139.77
   55            72               12744            139.81
#Date: THU APR 04 20:20:40 2013

