#Tube no.   Tube coarse gain   Tube fine gain   Tube spect. peak
    1            75               14268            144.82
    2            70               16769            145.16
    3           101               13116            143.04
    4           114               13279            144.23
    5           104               11477            143.40
    6            55               16387            145.33
    7            59               14141            144.75
    8            57               15105            143.21
    9            55               13400            142.67
   10            68               14986            143.78
   11            62               14279            144.39
   12            63               15473            146.70
   13           106               11911            145.25
   14           101               11848            143.49
   15           100                8826            142.41
   16            91               14498            146.12
   17            77               13686            145.22
   18            82               15842            144.16
   19            64               14670            144.27
   20            73               15096            145.17
   21            71               13961            140.24
   22            79               14206            139.91
   23            63               14615            144.51
   24            76               16397            143.76
   25            66               15239            140.27
   26            71               13312            139.80
   27            68               14126            139.94
   28            83               11929            139.75
   29            68               14243            140.19
   30            69               14617            140.31
   31            58               14810            144.56
   32            61               15995            144.45
   33            67               14866            139.92
   34            64               15431            139.96
   35            66               13525            140.21
   36            85               14237            139.96
   37            83               12979            140.26
   38            70               14635            140.27
   39            66               15153            140.30
   40            74               14749            139.73
   41            72               14044            139.85
   42            70               13732            140.30
   43            73               14380            140.18
   44            66               15090            140.30
   45            68               14828            140.21
   46            67               15293            140.26
   47            65               14927            139.78
   48            76               13773            140.38
   49            76               13884            140.23
   50            75               14025            139.87
   51            70               13888            139.98
   52            63               13542            139.90
   53            68               13679            139.84
   54            74               14816            139.77
   55            72               12808            139.81
#Date: FRI OCT 04 15:20:18 2013

