#Tube no.   Tube coarse gain   Tube fine gain   Tube spect. peak
    1            59               14754            144.53
    2            59               16709            146.49
    3           116               13755            144.32
    4            99               10592            143.20
    5           110                9432            144.27
    6            58               16865            145.41
    7            59               14339            144.42
    8            61               14673            144.11
    9            52               15914            143.35
   10            57               15432            143.34
   11            54               14006            143.11
   12            71               17276            145.56
   13           112               12179            145.06
   14           129               14364            144.33
   15            91               12730            144.20
   16            65               15541            146.30
   17            67               13715            145.26
   18            59               16154            144.55
   19            55               15845            144.53
   20            57               13778            144.59
   21            84               14951            139.63
   22            70               13499            139.58
   23            70               11187            143.56
   24            62               15148            144.12
   25            65               12926            139.60
   26            66               13214            139.72
   27            65               14843            139.70
   28            68               15069            140.18
   29            65               15395            139.72
   30            62               14528            140.22
   31            57               15601            144.61
   32            89               15318            144.65
   33            83               14311            140.24
   34            61               14390            140.24
   35            67               13452            140.19
   36            64               14880            139.78
   37            63               15084            139.74
   38            66               14651            139.78
   39            85               14159            139.69
   40            80               14324            139.68
   41            81               13141            140.19
   42            83               14982            139.76
   43            71               10947            140.22
   44            69               12675            139.75
   45            68               13726            140.17
   46            63               15097            140.21
   47            68               13378            139.78
   48            86               11983            139.73
   49            75               14258            139.67
   50            71               13267            139.71
   51            74               12903            139.72
   52            73               12486            139.81
   53            75               14741            140.33
   54            70               13089            139.69
   55            66               13342            139.82
#Date: THU OCT 03 19:48:36 2013

