#Tube no.   Tube coarse gain   Tube fine gain   Tube spect. peak
    1            75               14215            144.82
    2            70               16768            145.16
    3           101               13115            143.04
    4           114               13315            144.23
    5           104               11512            143.40
    6            55               16269            145.33
    7            59               14079            144.75
    8            57               15165            143.21
    9            55               13329            142.67
   10            68               15007            143.78
   11            62               14243            144.39
   12            63               15411            146.70
   13           106               11967            145.25
   14           101               11870            143.49
   15           100                8880            142.41
   16            91               14377            146.12
   17            77               13691            145.22
   18            82               15830            144.16
   19            64               14612            144.27
   20            73               15096            145.17
   21            71               13881            140.24
   22            79               14088            139.91
   23            63               14524            144.51
   24            76               16477            143.76
   25            66               15213            140.27
   26            71               13266            139.80
   27            68               14072            139.94
   28            83               11807            139.75
   29            68               14214            140.19
   30            69               14542            140.31
   31            58               14795            144.56
   32            61               15938            144.45
   33            67               14817            139.92
   34            64               15350            139.96
   35            66               13459            140.21
   36            85               14199            139.96
   37            83               12913            140.26
   38            70               14540            140.27
   39            66               15110            140.30
   40            74               14777            139.73
   41            72               14010            139.85
   42            70               13711            140.30
   43            73               14318            140.18
   44            66               15117            140.30
   45            68               14826            140.21
   46            67               15336            140.26
   47            65               14906            139.78
   48            76               13746            140.38
   49            76               13828            140.23
   50            75               13947            139.87
   51            70               13735            139.98
   52            63               13554            139.90
   53            68               13535            139.84
   54            74               14814            139.77
   55            72               12764            139.81
#Date: MON APR 14 16:17:42 2014

