#Tube no.   Tube coarse gain   Tube fine gain   Tube spect. peak
    1            59               15221            144.53
    2            59               17363            146.49
    3           116               14515            144.32
    4            99               10929            143.20
    5           110                9561            144.27
    6            58               17752            145.41
    7            59               14863            144.42
    8            61               15150            144.11
    9            52               16648            143.35
   10            57               16241            143.34
   11            54               14761            143.11
   12            71               18112            145.56
   13           112               12525            145.06
   14           129               15149            144.33
   15            91               13533            144.20
   16            65               16079            146.30
   17            67               14078            145.26
   18            59               16554            144.55
   19            55               16316            144.53
   20            57               14151            144.59
   21            84               15401            139.63
   22            70               14007            139.58
   23            70               11246            143.56
   24            62               15688            144.12
   25            65               13419            139.60
   26            66               13608            139.72
   27            65               15600            139.70
   28            68               15899            140.18
   29            65               16359            139.72
   30            62               15123            140.22
   31            57               16324            144.61
   32            89               15949            144.65
   33            83               14731            140.24
   34            61               14819            140.24
   35            67               13777            140.19
   36            64               15441            139.78
   37            63               15600            139.74
   38            66               15340            139.78
   39            85               14591            139.69
   40            80               14947            139.68
   41            81               13519            140.19
   42            83               15772            139.76
   43            71               11241            140.22
   44            69               13220            139.75
   45            68               14151            140.17
   46            63               15674            140.21
   47            68               13833            139.78
   48            86               12130            139.73
   49            75               14795            139.67
   50            71               13636            139.71
   51            74               13318            139.72
   52            73               12839            139.81
   53            75               15474            140.33
   54            70               13375            139.69
   55            66               14002            139.82
#Date: TUE OCT 06 14:19:30 2015

