#Tube no.   Tube coarse gain   Tube fine gain   Tube spect. peak
    1            75               14614            144.82
    2            70               17253            145.16
    3           101               13432            143.04
    4           114               13698            144.23
    5           104               11767            143.40
    6            55               16572            145.33
    7            59               14577            144.75
    8            57               15667            143.21
    9            55               13677            142.67
   10            68               15361            143.78
   11            62               14676            144.39
   12            63               15604            146.70
   13           106               12311            145.25
   14           101               12171            143.49
   15           100                8969            142.41
   16            91               14666            146.12
   17            77               14149            145.22
   18            82               16497            144.16
   19            64               15115            144.27
   20            73               15659            145.17
   21            71               14227            140.24
   22            79               14408            139.91
   23            63               14900            144.51
   24            76               17135            143.76
   25            66               15794            140.27
   26            71               13504            139.80
   27            68               14512            139.94
   28            83               11841            139.75
   29            68               14517            140.19
   30            69               15074            140.31
   31            58               15213            144.56
   32            61               16802            144.45
   33            67               15354            139.92
   34            64               16082            139.96
   35            66               13923            140.21
   36            85               14700            139.96
   37            83               13268            140.26
   38            70               15140            140.27
   39            66               15519            140.30
   40            74               15163            139.73
   41            72               14575            139.85
   42            70               14019            140.30
   43            73               14654            140.18
   44            66               15714            140.30
   45            68               15470            140.21
   46            67               16175            140.26
   47            65               15695            139.78
   48            76               14295            140.38
   49            76               14218            140.23
   50            75               14460            139.87
   51            70               14113            139.98
   52            63               13970            139.90
   53            68               14111            139.84
   54            74               15548            139.77
   55            72               13177            139.81
#Date: TUE APR 05 17:57:29 2016

