#Tube no.   Tube coarse gain   Tube fine gain   Tube spect. peak
    1            59               15645            144.53
    2            59               17983            146.49
    3           116               15195            144.32
    4            99               11136            143.20
    5           110                9629            144.27
    6            58               18167            145.41
    7            59               14994            144.42
    8            61               15249            144.11
    9            52               17005            143.35
   10            57               16524            143.34
   11            54               15161            143.11
   12            71               18422            145.56
   13           112               12885            145.06
   14           129               15831            144.33
   15            91               14300            144.20
   16            65               16513            146.30
   17            67               14381            145.26
   18            59               16768            144.55
   19            55               16766            144.53
   20            57               14404            144.59
   21            84               15750            139.63
   22            70               14348            139.58
   23            70               11178            143.56
   24            62               16023            144.12
   25            65               13576            139.60
   26            66               13715            139.72
   27            65               15806            139.70
   28            68               16385            140.18
   29            65               16843            139.72
   30            62               15372            140.22
   31            57               16737            144.61
   32            89               16338            144.65
   33            83               15013            140.24
   34            61               15188            140.24
   35            67               13935            140.19
   36            64               15846            139.78
   37            63               15937            139.74
   38            66               15769            139.78
   39            85               14824            139.69
   40            80               15177            139.68
   41            81               13739            140.19
   42            83               16139            139.76
   43            71               11360            140.22
   44            69               13427            139.75
   45            68               14422            140.17
   46            63               16066            140.21
   47            68               14097            139.78
   48            86               12222            139.73
   49            75               15163            139.67
   50            71               13883            139.71
   51            74               13447            139.72
   52            73               12976            139.81
   53            75               15827            140.33
   54            70               13605            139.69
   55            66               14327            139.82
#Date: TUE APR 11 15:25:41 2017

