#Tube no.   Tube coarse gain   Tube fine gain   Tube spect. peak
    1            59               16210            144.53
    2            59               18552            146.49
    3           116               15845            144.32
    4            99               11486            143.20
    5           110                9837            144.27
    6            58               18777            145.41
    7            59               15215            144.42
    8            61               15557            144.11
    9            52               17495            143.35
   10            57               17043            143.34
   11            54               15735            143.11
   12            71               19064            145.56
   13           112               13256            145.06
   14           129               16466            144.33
   15            91               15088            144.20
   16            65               17072            146.30
   17            67               14737            145.26
   18            59               17048            144.55
   19            55               17292            144.53
   20            57               14875            144.59
   21            84               16127            139.63
   22            70               14886            139.58
   23            70               11283            143.56
   24            62               16457            144.12
   25            65               14058            139.60
   26            66               14079            139.72
   27            65               16237            139.70
   28            68               16955            140.18
   29            65               17401            139.72
   30            62               15801            140.22
   31            57               17189            144.61
   32            89               16687            144.65
   33            83               15406            140.24
   34            61               15646            140.24
   35            67               14282            140.19
   36            64               16351            139.78
   37            63               16449            139.74
   38            66               16374            139.78
   39            85               15166            139.69
   40            80               15568            139.68
   41            81               13991            140.19
   42            83               16661            139.76
   43            71               11600            140.22
   44            69               13859            139.75
   45            68               14823            140.17
   46            63               16590            140.21
   47            68               14541            139.78
   48            86               12438            139.73
   49            75               15578            139.67
   50            71               14294            139.71
   51            74               13794            139.72
   52            73               13296            139.81
   53            75               16295            140.33
   54            70               13802            139.69
   55            66               14873            139.82
#Date: TUE OCT 09 20:42:23 2018

