#Tube no.   Tube coarse gain   Tube fine gain   Tube spect. peak
    1            75               14760            144.82
    2            70               17582            145.16
    3           101               13594            143.04
    4           114               13969            144.23
    5           104               12067            143.40
    6            55               16853            145.33
    7            59               14764            144.75
    8            57               15982            143.21
    9            55               13783            142.67
   10            68               15553            143.78
   11            62               14983            144.39
   12            63               15682            146.70
   13           106               12535            145.25
   14           101               12324            143.49
   15           100                9106            142.41
   16            91               14450            146.12
   17            77               14323            145.22
   18            82               16764            144.16
   19            64               15179            144.27
   20            73               15987            145.17
   21            71               14257            140.24
   22            79               14506            139.91
   23            63               15088            144.51
   24            76               17484            143.76
   25            66               16031            140.27
   26            71               13732            139.80
   27            68               14866            139.94
   28            83               11697            139.75
   29            68               14673            140.19
   30            69               15361            140.31
   31            58               15388            144.56
   32            61               17175            144.45
   33            67               15461            139.92
   34            64               16364            139.96
   35            66               13993            140.21
   36            85               14836            139.96
   37            83               13397            140.26
   38            70               15557            140.27
   39            66               15770            140.30
   40            74               15420            139.73
   41            72               14897            139.85
   42            70               14157            140.30
   43            73               14843            140.18
   44            66               15917            140.30
   45            68               15731            140.21
   46            67               16744            140.26
   47            65               16006            139.78
   48            76               14557            140.38
   49            76               14304            140.23
   50            75               14694            139.87
   51            70               14278            139.98
   52            63               14116            139.90
   53            68               14425            139.84
   54            74               15902            139.77
   55            72               13387            139.81
#Date: TUE APR 03 16:07:06 2018

