#Tube no.   Tube coarse gain   Tube fine gain   Tube spect. peak
    1            75               14919            144.82
    2            70               17726            145.16
    3           101               13757            143.04
    4           114               14071            144.23
    5           104               12173            143.40
    6            55               17103            145.33
    7            59               14852            144.75
    8            57               16142            143.21
    9            55               13945            142.67
   10            68               15707            143.78
   11            62               15178            144.39
   12            63               15814            146.70
   13           106               12660            145.25
   14           101               12460            143.49
   15           100                9268            142.41
   16            91               14502            146.12
   17            77               14608            145.22
   18            82               16941            144.16
   19            64               15275            144.27
   20            73               16204            145.17
   21            71               14322            140.24
   22            79               14631            139.91
   23            63               15270            144.51
   24            76               17777            143.76
   25            66               16265            140.27
   26            71               13863            139.80
   27            68               15066            139.94
   28            83               11723            139.75
   29            68               14863            140.19
   30            69               15609            140.31
   31            58               15658            144.56
   32            61               17497            144.45
   33            67               15598            139.92
   34            64               16528            139.96
   35            66               14196            140.21
   36            85               14941            139.96
   37            83               13535            140.26
   38            70               15718            140.27
   39            66               16028            140.30
   40            74               15626            139.73
   41            72               15135            139.85
   42            70               14298            140.30
   43            73               15035            140.18
   44            66               16118            140.30
   45            68               15984            140.21
   46            67               17130            140.26
   47            65               16174            139.78
   48            76               14783            140.38
   49            76               14396            140.23
   50            75               14889            139.87
   51            70               14428            139.98
   52            63               14336            139.90
   53            68               14639            139.84
   54            74               16170            139.77
   55            72               13530            139.81
#Date: TUE APR 16 15:31:01 2019

