#Tube no.   Tube coarse gain   Tube fine gain   Tube spect. peak
    1            59               16618            144.53
    2            59               18700            146.49
    3           116               16119            144.32
    4            99               11589            143.20
    5           110                9891            144.27
    6            58               18945            145.41
    7            59               15325            144.42
    8            61               15578            144.11
    9            52               17593            143.35
   10            57               17154            143.34
   11            54               16155            143.11
   12            71               19157            145.56
   13           112               13311            145.06
   14           129               16783            144.33
   15            91               15437            144.20
   16            65               17107            146.30
   17            67               14760            145.26
   18            59               17218            144.55
   19            55               17330            144.53
   20            57               14982            144.59
   21            84               16260            139.63
   22            70               14941            139.58
   23            70               11254            143.56
   24            62               16500            144.12
   25            65               14084            139.60
   26            66               14070            139.72
   27            65               16346            139.70
   28            68               17175            140.18
   29            65               17550            139.72
   30            62               15850            140.22
   31            57               17330            144.61
   32            89               16940            144.65
   33            83               15521            140.24
   34            61               15786            140.24
   35            67               14269            140.19
   36            64               16450            139.78
   37            63               16545            139.74
   38            66               16499            139.78
   39            85               15183            139.69
   40            80               15598            139.68
   41            81               14055            140.19
   42            83               16758            139.76
   43            71               11487            140.22
   44            69               13863            139.75
   45            68               14873            140.17
   46            63               16696            140.21
   47            68               14601            139.78
   48            86               12447            139.73
   49            75               15670            139.67
   50            71               14352            139.71
   51            74               13806            139.72
   52            73               13281            139.81
   53            75               16412            140.33
   54            70               13855            139.69
   55            66               14946            139.82
#Date: WED NOV 27 16:45:39 2019

