#Tube no.   Tube coarse gain   Tube fine gain   Tube spect. peak
    1            59               16831            144.53
    2            59               19206            146.49
    3           116               16530            144.32
    4            99               11819            143.20
    5           110               10133            144.27
    6            58               19455            145.41
    7            59               15657            144.42
    8            61               15910            144.11
    9            52               18052            143.35
   10            57               17663            143.34
   11            54               16707            143.11
   12            71               19694            145.56
   13           112               13722            145.06
   14           129               17231            144.33
   15            91               15944            144.20
   16            65               17469            146.30
   17            67               15040            145.26
   18            59               17357            144.55
   19            55               17572            144.53
   20            57               15321            144.59
   21            84               16556            139.63
   22            70               15337            139.58
   23            70               11396            143.56
   24            62               16983            144.12
   25            65               14413            139.60
   26            66               14359            139.72
   27            65               16721            139.70
   28            68               17639            140.18
   29            65               18037            139.72
   30            62               16225            140.22
   31            57               17774            144.61
   32            89               17323            144.65
   33            83               15850            140.24
   34            61               16082            140.24
   35            67               14459            140.19
   36            64               16855            139.78
   37            63               16821            139.74
   38            66               16898            139.78
   39            85               15348            139.69
   40            80               16047            139.68
   41            81               14297            140.19
   42            83               17210            139.76
   43            71               11882            140.22
   44            69               14199            139.75
   45            68               15292            140.17
   46            63               17166            140.21
   47            68               14896            139.78
   48            86               12631            139.73
   49            75               16026            139.67
   50            71               14602            139.71
   51            74               14105            139.72
   52            73               13514            139.81
   53            75               16798            140.33
   54            70               14085            139.69
   55            66               15397            139.82
#Date: TUE APR 07 22:36:06 2020

